0.00  0.00  0.00  0.00  0.00  0.01  0.03  0.05  0.09  0.13  0.15  0.18  0.22  0.27  0.30  0.34  0.36  0.37  0.37  0.38  0.38  0.38  0.39  0.40  0.40  0.40  0.39  0.38  0.38  0.38  0.37  0.37  0.36  0.34  0.30  0.27  0.22  0.18  0.15  0.13  0.09  0.05  0.03  0.01  0.00  0.00  0.00  0.00  0.00
0.00  0.00  0.00  0.00  0.03  0.07  0.10  0.14  0.18  0.22  0.24  0.29  0.32  0.33  0.33  0.31  0.32  0.31  0.30  0.30  0.27  0.26  0.27  0.28  0.30  0.28  0.27  0.26  0.27  0.30  0.30  0.31  0.32  0.31  0.33  0.33  0.32  0.31  0.26  0.23  0.19  0.15  0.10  0.07  0.03  0.00  0.00  0.00  0.00
0.00  0.00  0.00  0.00  0.06  0.09  0.11  0.14  0.18  0.19  0.22  0.25  0.28  0.26  0.24  0.24  0.22  0.19  0.18  0.18  0.15  0.15  0.14  0.13  0.10  0.13  0.14  0.15  0.15  0.18  0.18  0.19  0.22  0.24  0.24  0.26  0.28  0.29  0.26  0.27  0.25  0.02  0.00  0.00  0.00  0.00  0.00  0.00  0.00
0.00  0.00  0.00  0.00  0.05  0.08  0.11  0.15  0.15  0.20  0.23  0.27  0.30  0.27  0.27  0.23  0.20  0.20  0.19  0.18  0.16  0.16  0.15  0.11  0.10  0.11  0.15  0.16  0.16  0.18  0.19  0.20  0.20  0.23  0.27  0.27  0.30  0.32  0.28  0.30  0.00  0.00  0.00  0.00  0.00  0.00  0.00  0.00  0.00
0.00  0.00  0.00  0.00  0.03  0.04  0.06  0.10  0.11  0.14  0.18  0.20  0.22  0.00  0.00  0.18  0.16  0.16  0.15  0.16  0.17  0.16  0.15  0.16  0.20  0.16  0.15  0.16  0.17  0.16  0.15  0.16  0.16  0.18  0.18  0.21  0.23  0.25  0.23  0.24  0.11  0.00  0.00  0.00  0.00  0.00  0.00  0.00  0.00
0.00  0.00  0.00  0.00  0.02  0.03  0.07  0.09  0.13  0.17  0.20  0.00  0.00  0.00  0.00  0.00  0.00  0.27  0.26  0.27  0.27  0.26  0.27  0.30  0.30  0.30  0.27  0.26  0.27  0.27  0.26  0.27  0.26  0.26  0.26  0.25  0.27  0.27  0.25  0.28  0.13  0.00  0.00  0.00  0.00  0.00  0.00  0.00  0.00
0.00  0.00  0.00  0.00  0.02  0.04  0.06  0.09  0.13  0.17  0.00  0.00  0.00  0.00  0.00  0.00  0.00  0.00  0.35  0.37  0.38  0.38  0.40  0.40  0.40  0.40  0.40  0.38  0.38  0.37  0.35  0.33  0.32  0.30  0.29  0.27  0.26  0.26  0.23  0.24  0.13  0.00  0.00  0.00  0.00  0.00  0.00  0.00  0.00
0.00  0.00  0.00  0.00  0.03  0.07  0.10  0.13  0.18  0.22  0.00  0.00  0.00  0.00  0.00  0.00  0.00  0.00  0.00  0.49  0.50  0.51  0.50  0.50  0.50  0.50  0.50  0.51  0.50  0.49  0.48  0.45  0.45  0.42  0.41  0.39  0.37  0.35  0.30  0.29  0.18  0.00  0.00  0.00  0.00  0.00  0.00  0.00  0.00
0.00  0.00  0.00  0.00  0.06  0.09  0.14  0.19  0.24  0.28  0.00  0.00  0.00  0.00  0.00  0.00  0.00  0.00  0.00  0.61  0.62  0.63  0.63  0.61  0.60  0.61  0.63  0.63  0.62  0.61  0.60  0.57  0.55  0.54  0.51  0.48  0.46  0.43  0.36  0.33  0.24  0.00  0.00  0.00  0.00  0.00  0.00  0.00  0.00
0.00  0.00  0.00  0.00  0.09  0.14  0.18  0.25  0.30  0.37  0.00  0.00  0.00  0.00  0.00  0.00  0.00  0.00  0.00  0.69  0.70  0.70  0.70  0.70  0.70  0.70  0.70  0.70  0.70  0.69  0.68  0.67  0.65  0.63  0.60  0.58  0.54  0.51  0.44  0.42  0.30  0.00  0.00  0.00  0.00  0.00  0.00  0.00  0.00
0.00  0.00  0.00  0.00  0.11  0.18  0.25  0.31  0.38  0.45  0.00  0.00  0.00  0.00  0.00  0.00  0.00  0.00  0.00  0.80  0.80  0.80  0.80  0.80  0.80  0.80  0.80  0.80  0.80  0.80  0.79  0.78  0.77  0.75  0.73  0.70  0.68  0.64  0.57  0.53  0.38  0.00  0.00  0.00  0.00  0.00  0.00  0.00  0.00
0.00  0.00  0.00  0.00  0.13  0.21  0.29  0.37  0.44  0.52  0.00  0.00  0.00  0.00  0.00  0.00  0.00  0.00  0.00  0.80  0.80  0.80  0.80  0.80  0.80  0.80  0.80  0.80  0.80  0.80  0.80  0.80  0.80  0.80  0.78  0.77  0.75  0.72  0.64  0.62  0.44  0.00  0.00  0.00  0.00  0.00  0.00  0.00  0.00
0.00  0.00  0.00  0.00  0.16  0.24  0.31  0.39  0.47  0.55  0.00  0.00  0.00  0.00  0.00  0.00  0.00  0.00  0.00  0.80  0.80  0.80  0.80  0.80  0.80  0.80  0.80  0.80  0.80  0.80  0.80  0.80  0.80  0.80  0.80  0.80  0.79  0.78  0.70  0.68  0.47  0.00  0.00  0.00  0.00  0.00  0.00  0.00  0.00
0.00  0.00  0.00  0.00  0.18  0.27  0.36  0.45  0.54  0.63  0.00  0.00  0.00  0.00  0.00  0.00  0.00  0.00  0.00  0.90  0.90  0.90  0.90  0.90  0.90  0.90  0.90  0.90  0.90  0.90  0.90  0.90  0.90  0.90  0.90  0.90  0.90  0.89  0.80  0.79  0.54  0.00  0.00  0.00  0.00  0.00  0.00  0.00  0.00
0.00  0.00  0.00  0.00  0.18  0.27  0.36  0.45  0.54  0.00  0.00  0.00  0.00  0.00  0.00  0.00  0.00  0.00  0.00  0.90  0.90  0.90  0.90  0.90  0.90  0.90  0.90  0.90  0.90  0.90  0.90  0.90  0.90  0.90  0.90  0.90  0.90  0.90  0.81  0.81  0.54  0.00  0.00  0.00  0.00  0.00  0.00  0.00  0.00
0.00  0.00  0.00  0.00  0.18  0.27  0.36  0.45  0.00  0.00  0.00  0.00  0.00  0.00  0.00  0.00  0.00  0.00  0.00  0.90  0.90  0.90  0.90  0.90  0.90  0.90  0.90  0.90  0.90  0.90  0.90  0.90  0.90  0.90  0.90  0.90  0.90  0.90  0.81  0.81  0.38  0.00  0.00  0.00  0.00  0.00  0.00  0.00  0.00
0.00  0.00  0.00  0.00  0.18  0.27  0.36  0.00  0.00  0.00  0.00  0.00  0.00  0.00  0.00  0.00  0.00  0.00  0.00  0.90  0.90  0.90  0.90  0.90  0.90  0.90  0.90  0.90  0.90  0.90  0.90  0.90  0.90  0.90  0.90  0.90  0.90  0.90  0.81  0.00  0.00  0.00  0.00  0.00  0.00  0.00  0.00  0.00  0.00
0.00  0.00  0.00  0.00  0.20  0.30  0.40  0.00  0.00  0.00  0.00  0.00  0.00  0.00  0.00  0.00  0.00  0.00  0.00  1.00  1.00  1.00  1.00  1.00  1.00  1.00  1.00  1.00  1.00  1.00  1.00  1.00  1.00  1.00  1.00  1.00  1.00  1.00  0.90  0.00  0.00  0.00  0.00  0.00  0.00  0.00  0.00  0.00  0.00
0.00  0.00  0.00  0.00  0.20  0.30  0.40  0.00  0.00  0.00  0.00  0.00  0.00  0.00  0.00  0.00  0.00  0.00  0.00  1.00  1.00  1.00  1.00  1.00  1.00  1.00  1.00  1.00  1.00  1.00  1.00  1.00  1.00  1.00  1.00  1.00  1.00  1.00  0.90  0.00  0.00  0.00  0.00  0.00  0.00  0.00  0.00  0.00  0.00
0.00  0.00  0.00  0.00  0.20  0.30  0.40  0.00  0.00  0.00  0.00  0.00  0.00  0.00  0.00  0.00  0.00  0.00  0.00  1.00  1.00  1.00  1.00  1.00  1.00  1.00  1.00  1.00  1.00  1.00  1.00  1.00  1.00  1.00  1.00  1.00  1.00  1.00  0.91  0.00  0.00  0.00  0.00  0.00  0.00  0.00  0.00  0.00  0.00
0.00  0.00  0.00  0.00  0.20  0.30  0.40  0.00  0.00  0.00  0.00  0.00  0.00  0.00  0.00  0.00  0.00  0.00  0.00  1.00  1.00  1.00  1.00  1.00  1.00  1.00  1.00  1.00  1.00  1.00  1.00  1.00  1.00  1.00  1.00  1.00  1.00  1.00  0.90  0.00  0.00  0.00  0.00  0.00  0.00  0.00  0.00  0.00  0.00
0.00  0.00  0.00  0.00  0.20  0.30  0.40  0.00  0.00  0.00  0.00  0.00  0.00  0.00  0.00  0.00  0.00  0.00  0.00  1.00  1.00  1.00  1.00  1.00  1.00  1.00  1.00  1.00  1.00  1.00  1.00  1.00  1.00  1.00  1.00  1.00  1.00  0.00  0.00  0.00  0.00  0.00  0.00  0.00  0.00  0.00  0.00  0.00  0.00
0.00  0.00  0.00  0.00  0.20  0.30  0.40  0.00  0.00  0.00  0.00  0.00  0.00  0.00  0.00  0.00  0.00  0.00  0.00  1.00  1.00  1.00  1.00  1.00  1.00  1.00  1.00  1.00  1.00  1.00  1.00  1.00  1.00  1.00  1.00  1.00  1.00  0.00  0.00  0.00  0.00  0.00  0.00  0.00  0.00  0.00  0.40  0.12  0.00
0.00  0.00  0.00  0.00  0.20  0.30  0.40  0.00  0.00  0.00  0.00  0.00  0.00  0.00  0.00  0.00  0.00  0.00  0.00  1.00  1.00  1.00  1.00  1.00  1.00  1.00  1.00  1.00  1.00  1.00  1.00  1.00  1.00  1.00  1.00  1.00  1.00  0.00  0.00  0.00  0.00  0.00  0.00  0.00  0.00  0.00  0.40  0.20  0.10
0.00  0.00  0.00  0.00  0.20  0.30  0.40  0.00  0.00  0.00  0.00  0.00  0.00  0.00  0.00  0.00  0.00  0.00  0.00  1.00  1.00  1.00  1.00  1.00  1.00  1.00  1.00  1.00  1.00  1.00  1.00  1.00  1.00  1.00  1.00  1.00  1.00  0.00  0.00  0.00  0.00  0.00  0.00  0.00  0.00  0.00  0.40  0.20  0.10
0.00  0.00  0.00  0.00  0.20  0.30  0.40  0.00  0.00  0.00  0.00  0.00  0.00  0.00  0.00  0.00  0.00  0.00  0.00  1.00  1.00  1.00  1.00  1.00  1.00  1.00  1.00  1.00  1.00  1.00  1.00  1.00  1.00  1.00  1.00  1.00  1.00  0.00  0.00  0.00  0.00  0.00  0.00  0.00  0.00  0.00  0.40  0.20  0.10
0.00  0.00  0.00  0.00  0.20  0.30  0.40  0.00  0.00  0.00  0.00  0.00  0.00  0.00  0.00  0.00  0.00  0.00  0.00  1.00  1.00  1.00  1.00  1.00  1.00  1.00  1.00  1.00  1.00  1.00  1.00  1.00  1.00  1.00  1.00  1.00  1.00  0.00  0.00  0.00  0.00  0.00  0.00  0.00  0.00  0.00  0.40  0.20  0.10
0.00  0.00  0.00  0.00  0.20  0.30  0.40  0.00  0.00  0.00  0.00  0.00  0.00  0.00  0.00  0.00  0.00  0.00  0.00  1.00  1.00  1.00  1.00  1.00  1.00  1.00  1.00  1.00  1.00  1.00  1.00  1.00  1.00  1.00  1.00  1.00  1.00  0.00  0.00  0.00  0.00  0.00  0.00  0.00  0.00  0.00  0.40  0.20  0.10
0.00  0.00  0.00  0.00  0.20  0.30  0.40  0.00  0.00  0.00  0.00  0.00  0.00  0.00  0.00  0.00  0.00  0.00  0.00  1.00  1.00  1.00  1.00  1.00  1.00  1.00  1.00  1.00  1.00  1.00  1.00  1.00  1.00  1.00  1.00  1.00  1.00  0.00  0.00  0.00  0.00  0.00  0.00  0.00  0.00  0.00  0.40  0.20  0.10
0.00  0.00  0.00  0.00  0.20  0.30  0.40  0.00  0.00  0.00  0.00  0.00  0.00  0.00  0.00  0.00  0.00  0.00  0.00  0.00  0.00  0.00  1.00  1.00  1.00  1.00  1.00  1.00  1.00  1.00  1.00  1.00  1.00  1.00  1.00  1.00  1.00  0.00  0.00  0.00  0.00  0.00  0.00  0.00  0.00  0.00  0.40  0.20  0.10
0.00  0.00  0.00  0.00  0.20  0.30  0.40  0.00  0.00  0.00  0.00  0.00  0.00  0.00  0.00  0.00  0.00  0.00  0.00  0.00  0.00  0.00  0.00  1.00  1.00  1.00  1.00  1.00  1.00  1.00  1.00  1.00  1.00  1.00  1.00  1.00  1.00  0.00  0.00  0.00  0.00  0.00  0.00  0.00  0.00  0.00  0.40  0.20  0.10
0.00  0.00  0.00  0.00  0.20  0.00  0.00  0.00  0.00  0.00  0.00  0.00  0.00  0.00  0.00  0.00  0.00  0.00  0.00  0.00  0.00  0.00  0.00  1.00  1.00  1.00  1.00  1.00  1.00  1.00  1.00  1.00  1.00  1.00  1.00  1.00  1.00  0.00  0.00  0.00  0.00  0.00  0.00  0.00  0.00  0.00  0.40  0.20  0.10
0.00  0.00  0.00  0.00  0.18  0.00  0.00  0.00  0.00  0.00  0.00  0.00  0.00  0.00  0.00  0.00  0.00  0.00  0.00  0.00  0.00  0.00  0.00  0.90  0.90  0.90  0.90  0.90  0.90  0.90  0.90  0.90  0.90  0.90  0.90  0.90  0.90  0.00  0.00  0.00  0.00  0.00  0.00  0.00  0.00  0.00  0.36  0.18  0.09
0.00  0.00  0.00  0.00  0.18  0.00  0.00  0.00  0.00  0.00  0.00  0.00  0.00  0.00  0.00  0.00  0.00  0.00  0.00  0.00  0.00  0.00  0.00  0.90  0.90  0.90  0.90  0.90  0.90  0.90  0.90  0.90  0.90  0.90  0.90  0.90  0.90  0.00  0.00  0.00  0.00  0.00  0.00  0.00  0.00  0.00  0.36  0.18  0.09
0.00  0.00  0.00  0.00  0.18  0.00  0.00  0.00  0.00  0.00  0.00  0.00  0.00  0.00  0.00  0.00  0.00  0.00  0.00  0.00  0.00  0.00  0.00  0.90  0.90  0.90  0.90  0.90  0.90  0.90  0.90  0.90  0.90  0.90  0.90  0.90  0.90  0.00  0.00  0.00  0.00  0.00  0.00  0.00  0.00  0.00  0.34  0.17  0.07
0.00  0.00  0.00  0.00  0.18  0.00  0.00  0.00  0.00  0.00  0.00  0.00  0.00  0.00  0.00  0.00  0.00  0.00  0.00  0.00  0.00  0.00  0.00  0.90  0.90  0.90  0.90  0.90  0.90  0.90  0.90  0.90  0.90  0.90  0.90  0.90  0.90  0.00  0.00  0.00  0.00  0.00  0.00  0.00  0.00  0.00  0.30  0.14  0.05
0.00  0.00  0.00  0.00  0.16  0.00  0.00  0.00  0.00  0.00  0.00  0.00  0.00  0.00  0.00  0.00  0.00  0.00  0.00  0.00  0.00  0.00  0.00  0.80  0.80  0.80  0.80  0.80  0.80  0.80  0.80  0.80  0.80  0.80  0.80  0.80  0.80  0.00  0.00  0.00  0.00  0.00  0.00  0.00  0.00  0.00  0.24  0.11  0.03
0.00  0.00  0.00  0.00  0.16  0.00  0.00  0.00  0.00  0.00  0.00  0.00  0.00  0.00  0.00  0.00  0.00  0.00  0.00  0.00  0.00  0.00  0.00  0.80  0.80  0.80  0.80  0.80  0.80  0.80  0.80  0.80  0.80  0.80  0.80  0.80  0.80  0.00  0.00  0.00  0.00  0.00  0.00  0.00  0.00  0.00  0.17  0.07  0.01
0.00  0.00  0.00  0.00  0.15  0.00  0.00  0.00  0.00  0.00  0.00  0.00  0.00  0.00  0.00  0.00  0.00  0.00  0.00  0.00  0.00  0.00  0.00  0.80  0.80  0.80  0.80  0.80  0.80  0.80  0.80  0.80  0.80  0.80  0.80  0.80  0.78  0.76  0.00  0.00  0.00  0.00  0.00  0.00  0.02  0.18  0.10  0.03  0.00
0.00  0.00  0.00  0.00  0.11  0.00  0.00  0.00  0.00  0.00  0.00  0.00  0.00  0.00  0.00  0.00  0.00  0.00  0.00  0.00  0.00  0.00  0.00  0.70  0.70  0.70  0.70  0.70  0.70  0.70  0.70  0.70  0.70  0.70  0.70  0.69  0.68  0.66  0.58  0.55  0.00  0.00  0.00  0.28  0.19  0.11  0.04  0.01  0.00
0.00  0.00  0.00  0.00  0.08  0.00  0.00  0.00  0.00  0.00  0.00  0.00  0.00  0.00  0.00  0.00  0.00  0.00  0.00  0.00  0.00  0.00  0.00  0.70  0.70  0.70  0.70  0.70  0.70  0.70  0.70  0.70  0.70  0.69  0.68  0.66  0.63  0.59  0.51  0.48  0.40  0.35  0.28  0.18  0.11  0.05  0.01  0.00  0.00
0.00  0.00  0.00  0.00  0.05  0.00  0.00  0.00  0.00  0.00  0.00  0.00  0.00  0.00  0.00  0.00  0.00  0.00  0.00  0.00  0.00  0.00  0.70  0.70  0.70  0.70  0.70  0.70  0.70  0.69  0.68  0.67  0.65  0.62  0.58  0.55  0.51  0.44  0.39  0.31  0.22  0.15  0.11  0.06  0.02  0.00  0.00  0.00  0.00
0.00  0.00  0.00  0.02  0.00  0.00  0.00  0.00  0.00  0.00  0.00  0.00  0.00  0.00  0.00  0.00  0.00  0.00  0.00  0.00  0.00  0.00  0.60  0.60  0.60  0.60  0.60  0.60  0.60  0.59  0.58  0.56  0.54  0.51  0.48  0.45  0.39  0.33  0.27  0.21  0.15  0.10  0.06  0.02  0.00  0.00  0.00  0.00  0.00
0.00  0.00  0.00  0.00  0.00  0.00  0.00  0.00  0.00  0.00  0.00  0.00  0.00  0.00  0.00  0.00  0.00  0.00  0.00  0.00  0.00  0.60  0.60  0.60  0.60  0.60  0.58  0.57  0.56  0.54  0.52  0.49  0.47  0.44  0.39  0.34  0.27  0.22  0.17  0.13  0.10  0.06  0.02  0.00  0.00  0.00  0.00  0.00  0.00
0.00  0.00  0.00  0.00  0.00  0.00  0.00  0.00  0.00  0.00  0.00  0.00  0.00  0.00  0.00  0.00  0.00  0.00  0.00  0.00  0.37  0.50  0.50  0.50  0.50  0.50  0.48  0.47  0.46  0.43  0.41  0.38  0.35  0.30  0.27  0.22  0.17  0.13  0.10  0.06  0.03  0.02  0.00  0.00  0.00  0.00  0.00  0.00  0.00
0.00  0.00  0.00  0.00  0.00  0.00  0.00  0.00  0.00  0.00  0.00  0.00  0.00  0.00  0.00  0.00  0.00  0.00  0.00  0.00  0.37  0.39  0.40  0.40  0.40  0.39  0.37  0.36  0.35  0.33  0.30  0.26  0.23  0.20  0.16  0.12  0.10  0.07  0.05  0.03  0.01  0.00  0.00  0.00  0.00  0.00  0.00  0.00  0.00
0.00  0.00  0.00  0.00  0.00  0.00  0.00  0.00  0.00  0.00  0.00  0.00  0.00  0.00  0.00  0.00  0.00  0.00  0.04  0.25  0.26  0.27  0.30  0.30  0.30  0.27  0.26  0.25  0.22  0.20  0.18  0.14  0.12  0.10  0.08  0.07  0.04  0.03  0.01  0.01  0.00  0.00  0.00  0.00  0.00  0.00  0.00  0.00  0.00
0.00  0.00  0.00  0.00  0.00  0.00  0.00  0.00  0.00  0.00  0.00  0.00  0.00  0.00  0.00  0.00  0.00  0.09  0.10  0.13  0.14  0.15  0.16  0.20  0.16  0.15  0.14  0.13  0.10  0.09  0.08  0.06  0.06  0.04  0.03  0.02  0.01  0.01  0.00  0.00  0.00  0.00  0.00  0.00  0.00  0.00  0.00  0.00  0.00
0.00  0.00  0.00  0.00  0.00  0.00  0.00  0.00  0.00  0.00  0.00  0.00  0.00  0.00  0.00  0.02  0.02  0.02  0.03  0.03  0.03  0.04  0.03  0.00  0.03  0.04  0.03  0.03  0.03  0.02  0.02  0.02  0.01  0.01  0.01  0.00  0.00  0.00  0.00  0.00  0.00  0.00  0.00  0.00  0.00  0.00  0.00  0.00  0.00
