1.00  0.00  0.00  0.00  0.00  0.00  0.00  0.00  0.00  0.01  0.02  0.03  0.05  0.07  0.09  0.12  0.14  0.17  0.20  0.23  0.25  0.27  0.28  0.29  0.30  0.30  0.30  0.29  0.28  0.27  0.25  0.23  0.20  0.17  0.14  0.12  0.09  0.07  0.05  0.03  0.02  0.01  0.00  0.00  0.00  0.00  0.00  0.00  0.00
0.00  0.00  0.00  0.00  0.00  0.00  0.00  0.00  0.00  0.00  0.00  0.00  0.00  0.00  0.00  0.00  0.00  0.00  0.00  0.00  0.00  0.00  0.00  0.00  0.00  0.00  0.00  0.00  0.00  0.00  0.00  0.00  0.00  0.00  0.00  0.00  0.00  0.00  0.00  0.00  0.00  0.00  0.00  0.00  0.00  0.00  0.00  0.00  0.00
0.00  0.00  0.00  0.00  0.00  0.00  0.00  0.00  0.00  0.00  0.00  0.00  0.00  0.01  0.01  0.02  0.02  0.02  0.03  0.03  0.04  0.04  0.04  0.05  0.10  0.05  0.04  0.04  0.04  0.03  0.03  0.02  0.02  0.02  0.01  0.01  0.00  0.00  0.00  0.00  0.00  0.00  0.00  0.00  0.00  0.00  0.00  0.00  0.00
0.00  0.00  0.00  0.00  0.00  0.00  0.00  0.00  0.00  0.01  0.02  0.03  0.04  0.06  0.09  0.09  0.11  0.15  0.16  0.18  0.20  0.23  0.22  0.21  0.20  0.21  0.22  0.23  0.20  0.18  0.16  0.15  0.11  0.09  0.09  0.06  0.04  0.03  0.02  0.01  0.00  0.00  0.00  0.00  0.00  0.00  0.00  0.00  0.00
0.00  0.00  0.00  0.00  0.00  0.00  0.00  0.01  0.03  0.06  0.08  0.11  0.14  0.00  0.00  0.26  0.29  0.32  0.34  0.37  0.38  0.39  0.40  0.40  0.40  0.40  0.40  0.39  0.38  0.37  0.34  0.32  0.29  0.26  0.20  0.17  0.14  0.11  0.08  0.06  0.03  0.00  0.00  0.00  0.00  0.00  0.00  0.00  0.00
0.00  0.00  0.00  0.00  0.00  0.01  0.03  0.06  0.10  0.15  0.18  0.00  0.00  0.00  0.00  0.00  0.00  0.48  0.50  0.52  0.54  0.55  0.56  0.58  0.60  0.58  0.56  0.55  0.54  0.52  0.50  0.48  0.46  0.43  0.40  0.35  0.29  0.24  0.18  0.15  0.10  0.00  0.00  0.00  0.00  0.00  0.00  0.00  0.00
0.00  0.00  0.00  0.00  0.03  0.06  0.10  0.15  0.21  0.27  0.00  0.00  0.00  0.00  0.00  0.00  0.00  0.00  0.59  0.60  0.60  0.60  0.60  0.60  0.60  0.60  0.60  0.60  0.60  0.60  0.59  0.58  0.57  0.54  0.51  0.48  0.45  0.41  0.34  0.28  0.21  0.00  0.00  0.00  0.00  0.00  0.00  0.00  0.00
0.00  0.00  0.00  0.00  0.07  0.12  0.18  0.25  0.32  0.39  0.00  0.00  0.00  0.00  0.00  0.00  0.00  0.00  0.00  0.70  0.70  0.70  0.70  0.70  0.70  0.70  0.70  0.70  0.70  0.70  0.70  0.70  0.69  0.68  0.66  0.64  0.60  0.56  0.49  0.44  0.32  0.00  0.00  0.00  0.00  0.00  0.00  0.00  0.00
0.00  0.00  0.00  0.00  0.11  0.18  0.25  0.32  0.39  0.46  0.00  0.00  0.00  0.00  0.00  0.00  0.00  0.00  0.00  0.70  0.70  0.70  0.70  0.70  0.70  0.70  0.70  0.70  0.70  0.70  0.70  0.70  0.70  0.70  0.70  0.69  0.68  0.65  0.58  0.54  0.39  0.00  0.00  0.00  0.00  0.00  0.00  0.00  0.00
0.00  0.00  0.00  0.00  0.14  0.21  0.28  0.35  0.42  0.49  0.00  0.00  0.00  0.00  0.00  0.00  0.00  0.00  0.00  0.70  0.70  0.70  0.70  0.70  0.70  0.70  0.70  0.70  0.70  0.70  0.70  0.70  0.70  0.70  0.70  0.70  0.70  0.70  0.62  0.61  0.42  0.00  0.00  0.00  0.00  0.00  0.00  0.00  0.00
0.00  0.00  0.00  0.00  0.16  0.24  0.32  0.40  0.48  0.56  0.00  0.00  0.00  0.00  0.00  0.00  0.00  0.00  0.00  0.80  0.80  0.80  0.80  0.80  0.80  0.80  0.80  0.80  0.80  0.80  0.80  0.80  0.80  0.80  0.80  0.80  0.80  0.80  0.72  0.71  0.48  0.00  0.00  0.00  0.00  0.00  0.00  0.00  0.00
0.00  0.00  0.00  0.00  0.16  0.24  0.32  0.40  0.48  0.56  0.00  0.00  0.00  0.00  0.00  0.00  0.00  0.00  0.00  0.80  0.80  0.80  0.80  0.80  0.80  0.80  0.80  0.80  0.80  0.80  0.80  0.80  0.80  0.80  0.80  0.80  0.80  0.80  0.72  0.72  0.48  0.00  0.00  0.00  0.00  0.00  0.00  0.00  0.00
0.00  0.00  0.00  0.00  0.16  0.24  0.32  0.40  0.48  0.56  0.00  0.00  0.00  0.00  0.00  0.00  0.00  0.00  0.00  0.80  0.80  0.80  0.80  0.80  0.80  0.80  0.80  0.80  0.80  0.80  0.80  0.80  0.80  0.80  0.80  0.80  0.80  0.80  0.72  0.72  0.48  0.00  0.00  0.00  0.00  0.00  0.00  0.00  0.00
0.00  0.00  0.00  0.00  0.18  0.27  0.36  0.45  0.54  0.63  0.00  0.00  0.00  0.00  0.00  0.00  0.00  0.00  0.00  0.90  0.90  0.90  0.90  0.90  0.90  0.90  0.90  0.90  0.90  0.90  0.90  0.90  0.90  0.90  0.90  0.90  0.90  0.90  0.81  0.81  0.54  0.00  0.00  0.00  0.00  0.00  0.00  0.00  0.00
0.00  0.00  0.00  0.00  0.18  0.27  0.36  0.45  0.54  0.63  0.00  0.00  0.00  0.00  0.00  0.00  0.00  0.00  0.00  0.90  0.90  0.90  0.90  0.90  0.90  0.90  0.90  0.90  0.90  0.90  0.90  0.90  0.90  0.90  0.90  0.90  0.90  0.90  0.81  0.81  0.54  0.00  0.00  0.00  0.00  0.00  0.00  0.00  0.00
0.00  0.00  0.00  0.00  0.18  0.27  0.36  0.45  0.00  0.00  0.00  0.00  0.00  0.00  0.00  0.00  0.00  0.00  0.00  0.90  0.90  0.90  0.90  0.90  0.90  0.90  0.90  0.90  0.90  0.90  0.90  0.90  0.90  0.90  0.90  0.90  0.90  0.90  0.81  0.81  0.54  0.00  0.00  0.00  0.00  0.00  0.00  0.00  0.00
0.00  0.00  0.00  0.00  0.18  0.27  0.36  0.00  0.00  0.00  0.00  0.00  0.00  0.00  0.00  0.00  0.00  0.00  0.00  0.90  0.90  0.90  0.90  0.90  0.90  0.90  0.90  0.90  0.90  0.90  0.90  0.90  0.90  0.90  0.90  0.90  0.90  0.90  0.81  0.00  0.00  0.00  0.00  0.00  0.00  0.00  0.00  0.00  0.00
0.00  0.00  0.00  0.00  0.20  0.30  0.40  0.00  0.00  0.00  0.00  0.00  0.00  0.00  0.00  0.00  0.00  0.00  0.00  1.00  1.00  1.00  1.00  1.00  1.00  1.00  1.00  1.00  1.00  1.00  1.00  1.00  1.00  1.00  1.00  1.00  1.00  1.00  0.90  0.00  0.00  0.00  0.00  0.00  0.00  0.00  0.00  0.00  0.00
0.00  0.00  0.00  0.00  0.20  0.30  0.40  0.00  0.00  0.00  0.00  0.00  0.00  0.00  0.00  0.00  0.00  0.00  0.00  1.00  1.00  1.00  1.00  1.00  1.00  1.00  1.00  1.00  1.00  1.00  1.00  1.00  1.00  1.00  1.00  1.00  1.00  1.00  0.90  0.00  0.00  0.00  0.00  0.00  0.00  0.00  0.00  0.00  0.00
0.00  0.00  0.00  0.00  0.20  0.30  0.40  0.00  0.00  0.00  0.00  0.00  0.00  0.00  0.00  0.00  0.00  0.00  0.00  1.00  1.00  1.00  1.00  1.00  1.00  1.00  1.00  1.00  1.00  1.00  1.00  1.00  1.00  1.00  1.00  1.00  1.00  1.00  0.91  0.00  0.00  0.00  0.00  0.00  0.00  0.00  0.00  0.00  0.00
0.00  0.00  0.00  0.00  0.20  0.30  0.40  0.00  0.00  0.00  0.00  0.00  0.00  0.00  0.00  0.00  0.00  0.00  0.00  1.00  1.00  1.00  1.00  1.00  1.00  1.00  1.00  1.00  1.00  1.00  1.00  1.00  1.00  1.00  1.00  1.00  1.00  1.00  0.90  0.00  0.00  0.00  0.00  0.00  0.00  0.00  0.00  0.00  0.00
0.00  0.00  0.00  0.00  0.20  0.30  0.40  0.00  0.00  0.00  0.00  0.00  0.00  0.00  0.00  0.00  0.00  0.00  0.00  1.00  1.00  1.00  1.00  1.00  1.00  1.00  1.00  1.00  1.00  1.00  1.00  1.00  1.00  1.00  1.00  1.00  1.00  0.00  0.00  0.00  0.00  0.00  0.00  0.00  0.00  0.00  0.00  0.00  0.00
0.00  0.00  0.00  0.00  0.20  0.30  0.40  0.00  0.00  0.00  0.00  0.00  0.00  0.00  0.00  0.00  0.00  0.00  0.00  1.00  1.00  1.00  1.00  1.00  1.00  1.00  1.00  1.00  1.00  1.00  1.00  1.00  1.00  1.00  1.00  1.00  1.00  0.00  0.00  0.00  0.00  0.00  0.00  0.00  0.00  0.00  0.00  0.00  0.00
0.00  0.00  0.00  0.00  0.20  0.30  0.40  0.00  0.00  0.00  0.00  0.00  0.00  0.00  0.00  0.00  0.00  0.00  0.00  1.00  1.00  1.00  1.00  1.00  1.00  1.00  1.00  1.00  1.00  1.00  1.00  1.00  1.00  1.00  1.00  1.00  1.00  0.00  0.00  0.00  0.00  0.00  0.00  0.00  0.00  0.00  0.40  0.20  0.10
0.00  0.00  0.00  0.00  0.20  0.30  0.40  0.00  0.00  0.00  0.00  0.00  0.00  0.00  0.00  0.00  0.00  0.00  0.00  1.00  1.00  1.00  1.00  1.00  1.00  1.00  1.00  1.00  1.00  1.00  1.00  1.00  1.00  1.00  1.00  1.00  1.00  0.00  0.00  0.00  0.00  0.00  0.00  0.00  0.00  0.00  0.40  0.20  0.10
0.00  0.00  0.00  0.00  0.20  0.30  0.40  0.00  0.00  0.00  0.00  0.00  0.00  0.00  0.00  0.00  0.00  0.00  0.00  1.00  1.00  1.00  1.00  1.00  1.00  1.00  1.00  1.00  1.00  1.00  1.00  1.00  1.00  1.00  1.00  1.00  1.00  0.00  0.00  0.00  0.00  0.00  0.00  0.00  0.00  0.00  0.40  0.20  0.10
0.00  0.00  0.00  0.00  0.20  0.30  0.40  0.00  0.00  0.00  0.00  0.00  0.00  0.00  0.00  0.00  0.00  0.00  0.00  1.00  1.00  1.00  1.00  1.00  1.00  1.00  1.00  1.00  1.00  1.00  1.00  1.00  1.00  1.00  1.00  1.00  1.00  0.00  0.00  0.00  0.00  0.00  0.00  0.00  0.00  0.00  0.40  0.20  0.10
0.00  0.00  0.00  0.00  0.20  0.30  0.40  0.00  0.00  0.00  0.00  0.00  0.00  0.00  0.00  0.00  0.00  0.00  0.00  1.00  1.00  1.00  1.00  1.00  1.00  1.00  1.00  1.00  1.00  1.00  1.00  1.00  1.00  1.00  1.00  1.00  1.00  0.00  0.00  0.00  0.00  0.00  0.00  0.00  0.00  0.00  0.40  0.20  0.10
0.00  0.00  0.00  0.00  0.20  0.30  0.40  0.00  0.00  0.00  0.00  0.00  0.00  0.00  0.00  0.00  0.00  0.00  0.00  1.00  1.00  1.00  1.00  1.00  1.00  1.00  1.00  1.00  1.00  1.00  1.00  1.00  1.00  1.00  1.00  1.00  1.00  0.00  0.00  0.00  0.00  0.00  0.00  0.00  0.00  0.00  0.40  0.20  0.10
0.00  0.00  0.00  0.00  0.20  0.30  0.40  0.00  0.00  0.00  0.00  0.00  0.00  0.00  0.00  0.00  0.00  0.00  0.00  0.00  0.00  0.00  1.00  1.00  1.00  1.00  1.00  1.00  1.00  1.00  1.00  1.00  1.00  1.00  1.00  1.00  1.00  0.00  0.00  0.00  0.00  0.00  0.00  0.00  0.00  0.00  0.39  0.20  0.10
0.00  0.00  0.00  0.00  0.20  0.30  0.40  0.00  0.00  0.00  0.00  0.00  0.00  0.00  0.00  0.00  0.00  0.00  0.00  0.00  0.00  0.00  1.00  1.00  1.00  1.00  1.00  1.00  1.00  1.00  1.00  1.00  1.00  1.00  1.00  1.00  1.00  0.00  0.00  0.00  0.00  0.00  0.00  0.00  0.00  0.00  0.36  0.18  0.08
0.00  0.00  0.00  0.00  0.20  0.00  0.00  0.00  0.00  0.00  0.00  0.00  0.00  0.00  0.00  0.00  0.00  0.00  0.00  0.00  0.00  0.00  0.00  1.00  1.00  1.00  1.00  1.00  1.00  1.00  1.00  1.00  1.00  1.00  1.00  1.00  0.99  0.00  0.00  0.00  0.00  0.00  0.00  0.00  0.00  0.00  0.31  0.15  0.07
0.00  0.00  0.00  0.00  0.18  0.00  0.00  0.00  0.00  0.00  0.00  0.00  0.00  0.00  0.00  0.00  0.00  0.00  0.00  0.00  0.00  0.00  0.00  0.90  0.90  0.90  0.90  0.90  0.90  0.90  0.90  0.90  0.90  0.90  0.90  0.90  0.89  0.00  0.00  0.00  0.00  0.00  0.00  0.00  0.00  0.00  0.26  0.13  0.06
0.00  0.00  0.00  0.00  0.16  0.00  0.00  0.00  0.00  0.00  0.00  0.00  0.00  0.00  0.00  0.00  0.00  0.00  0.00  0.00  0.00  0.00  0.00  0.90  0.90  0.90  0.90  0.90  0.90  0.90  0.90  0.90  0.90  0.89  0.88  0.87  0.85  0.00  0.00  0.00  0.00  0.00  0.00  0.00  0.00  0.00  0.22  0.11  0.05
0.00  0.00  0.00  0.00  0.15  0.00  0.00  0.00  0.00  0.00  0.00  0.00  0.00  0.00  0.00  0.00  0.00  0.00  0.00  0.00  0.00  0.00  0.00  0.90  0.90  0.90  0.90  0.90  0.90  0.90  0.89  0.88  0.87  0.86  0.84  0.81  0.80  0.00  0.00  0.00  0.00  0.00  0.00  0.00  0.00  0.00  0.19  0.09  0.03
0.00  0.00  0.00  0.00  0.13  0.00  0.00  0.00  0.00  0.00  0.00  0.00  0.00  0.00  0.00  0.00  0.00  0.00  0.00  0.00  0.00  0.00  0.00  0.90  0.90  0.90  0.88  0.86  0.86  0.85  0.84  0.83  0.81  0.80  0.78  0.75  0.72  0.00  0.00  0.00  0.00  0.00  0.00  0.00  0.00  0.00  0.16  0.07  0.02
0.00  0.00  0.00  0.00  0.11  0.00  0.00  0.00  0.00  0.00  0.00  0.00  0.00  0.00  0.00  0.00  0.00  0.00  0.00  0.00  0.00  0.00  0.00  0.80  0.80  0.80  0.80  0.79  0.78  0.77  0.76  0.74  0.72  0.71  0.68  0.66  0.63  0.00  0.00  0.00  0.00  0.00  0.00  0.00  0.00  0.00  0.11  0.04  0.01
0.00  0.00  0.00  0.00  0.09  0.00  0.00  0.00  0.00  0.00  0.00  0.00  0.00  0.00  0.00  0.00  0.00  0.00  0.00  0.00  0.00  0.00  0.00  0.70  0.70  0.70  0.71  0.72  0.72  0.70  0.69  0.68  0.66  0.65  0.62  0.59  0.57  0.00  0.00  0.00  0.00  0.00  0.00  0.00  0.00  0.00  0.10  0.03  0.01
0.00  0.00  0.00  0.00  0.07  0.00  0.00  0.00  0.00  0.00  0.00  0.00  0.00  0.00  0.00  0.00  0.00  0.00  0.00  0.00  0.00  0.00  0.00  0.67  0.70  0.67  0.66  0.65  0.64  0.64  0.62  0.60  0.59  0.55  0.55  0.53  0.52  0.50  0.00  0.00  0.00  0.00  0.00  0.00  0.00  0.21  0.11  0.03  0.02
0.00  0.00  0.00  0.00  0.05  0.00  0.00  0.00  0.00  0.00  0.00  0.00  0.00  0.00  0.00  0.00  0.00  0.00  0.00  0.00  0.00  0.00  0.00  0.60  0.60  0.60  0.60  0.58  0.56  0.56  0.55  0.53  0.52  0.49  0.46  0.44  0.42  0.40  0.34  0.00  0.00  0.00  0.00  0.20  0.16  0.18  0.09  0.02  0.01
0.00  0.00  0.00  0.00  0.03  0.00  0.00  0.00  0.00  0.00  0.00  0.00  0.00  0.00  0.00  0.00  0.00  0.00  0.00  0.00  0.00  0.00  0.00  0.50  0.50  0.50  0.51  0.52  0.50  0.49  0.48  0.46  0.45  0.42  0.41  0.39  0.38  0.35  0.32  0.31  0.26  0.25  0.20  0.21  0.16  0.20  0.10  0.04  0.02
0.00  0.00  0.00  0.00  0.03  0.00  0.00  0.00  0.00  0.00  0.00  0.00  0.00  0.00  0.00  0.00  0.00  0.00  0.00  0.00  0.00  0.00  0.46  0.50  0.46  0.45  0.44  0.44  0.42  0.40  0.41  0.39  0.38  0.37  0.39  0.34  0.34  0.29  0.29  0.25  0.26  0.21  0.23  0.20  0.24  0.14  0.06  0.03  0.00
0.00  0.00  0.00  0.02  0.00  0.00  0.00  0.00  0.00  0.00  0.00  0.00  0.00  0.00  0.00  0.00  0.00  0.00  0.00  0.00  0.00  0.00  0.40  0.40  0.40  0.39  0.37  0.36  0.36  0.34  0.33  0.32  0.31  0.29  0.26  0.27  0.27  0.23  0.24  0.20  0.21  0.18  0.21  0.18  0.21  0.13  0.06  0.03  0.00
0.00  0.00  0.00  0.01  0.00  0.00  0.00  0.00  0.00  0.00  0.00  0.00  0.00  0.00  0.00  0.00  0.00  0.00  0.00  0.00  0.00  0.31  0.30  0.30  0.30  0.31  0.31  0.30  0.30  0.29  0.28  0.28  0.27  0.26  0.26  0.26  0.26  0.24  0.25  0.21  0.24  0.21  0.24  0.20  0.23  0.15  0.06  0.04  0.00
0.00  0.00  0.00  0.01  0.00  0.00  0.00  0.00  0.00  0.00  0.00  0.00  0.00  0.00  0.00  0.00  0.00  0.00  0.00  0.00  0.04  0.25  0.26  0.30  0.26  0.25  0.25  0.24  0.22  0.21  0.20  0.19  0.18  0.18  0.19  0.20  0.21  0.19  0.21  0.18  0.21  0.18  0.19  0.18  0.20  0.13  0.06  0.01  0.00
0.00  0.00  0.00  0.02  0.00  0.00  0.00  0.00  0.00  0.00  0.00  0.00  0.00  0.00  0.00  0.00  0.00  0.00  0.00  0.00  0.17  0.19  0.20  0.20  0.20  0.19  0.17  0.18  0.18  0.17  0.17  0.17  0.18  0.19  0.20  0.21  0.25  0.21  0.23  0.21  0.22  0.20  0.21  0.18  0.15  0.10  0.04  0.00  0.00
0.00  0.00  0.00  0.01  0.03  0.00  0.00  0.00  0.00  0.00  0.00  0.00  0.00  0.00  0.00  0.00  0.00  0.00  0.00  0.11  0.13  0.13  0.12  0.10  0.12  0.13  0.13  0.11  0.11  0.11  0.10  0.12  0.12  0.15  0.15  0.18  0.20  0.17  0.19  0.18  0.18  0.15  0.15  0.10  0.06  0.02  0.00  0.00  0.00
0.00  0.00  0.00  0.02  0.04  0.06  0.00  0.00  0.00  0.00  0.00  0.00  0.00  0.00  0.00  0.00  0.00  0.10  0.09  0.07  0.07  0.07  0.10  0.10  0.10  0.07  0.07  0.07  0.09  0.10  0.12  0.12  0.14  0.15  0.17  0.20  0.21  0.19  0.21  0.17  0.15  0.11  0.08  0.05  0.02  0.00  0.00  0.00  0.00
0.00  0.00  0.00  0.00  0.03  0.05  0.07  0.11  0.00  0.00  0.00  0.00  0.00  0.00  0.00  0.15  0.12  0.11  0.10  0.07  0.07  0.06  0.03  0.00  0.03  0.06  0.07  0.07  0.10  0.11  0.12  0.15  0.18  0.18  0.20  0.22  0.22  0.18  0.12  0.12  0.08  0.05  0.03  0.00  0.00  0.00  0.00  0.00  0.00
