0.00  0.00  0.00  0.00  0.00  0.00  0.00  0.00  0.00  0.01  0.02  0.03  0.05  0.07  0.09  0.12  0.14  0.17  0.20  0.23  0.25  0.27  0.28  0.29  0.30  0.30  0.30  0.29  0.28  0.27  0.25  0.23  0.20  0.17  0.14  0.12  0.09  0.07  0.05  0.03  0.02  0.01  0.00  0.00  0.00  0.00  0.00  0.00  0.00
0.00  0.00  0.00  0.00  0.00  0.01  0.03  0.05  0.09  0.10  0.15  0.19  0.23  0.27  0.31  0.34  0.37  0.39  0.40  0.40  0.40  0.40  0.40  0.40  0.40  0.40  0.40  0.40  0.40  0.40  0.40  0.39  0.37  0.34  0.31  0.27  0.23  0.19  0.15  0.10  0.09  0.05  0.03  0.01  0.00  0.00  0.00  0.00  0.00
0.00  0.00  0.00  0.00  0.03  0.07  0.10  0.14  0.18  0.23  0.28  0.32  0.37  0.39  0.40  0.40  0.40  0.40  0.40  0.40  0.40  0.40  0.40  0.40  0.40  0.40  0.40  0.40  0.40  0.40  0.40  0.40  0.40  0.40  0.40  0.39  0.37  0.33  0.29  0.24  0.18  0.13  0.00  0.00  0.00  0.00  0.00  0.00  0.00
0.00  0.00  0.00  0.00  0.08  0.14  0.19  0.24  0.29  0.34  0.40  0.45  0.49  0.49  0.49  0.49  0.50  0.50  0.50  0.50  0.50  0.50  0.50  0.50  0.50  0.50  0.50  0.50  0.50  0.50  0.50  0.50  0.50  0.49  0.49  0.49  0.49  0.49  0.44  0.41  0.00  0.00  0.00  0.00  0.00  0.00  0.00  0.00  0.00
0.00  0.00  0.00  0.00  0.10  0.15  0.20  0.24  0.29  0.34  0.39  0.43  0.48  0.00  0.00  0.48  0.48  0.48  0.48  0.48  0.48  0.48  0.49  0.50  0.50  0.50  0.49  0.48  0.48  0.48  0.48  0.48  0.48  0.48  0.48  0.48  0.48  0.48  0.44  0.44  0.29  0.00  0.00  0.00  0.00  0.00  0.00  0.00  0.00
0.00  0.00  0.00  0.00  0.12  0.17  0.23  0.29  0.33  0.39  0.45  0.00  0.00  0.00  0.00  0.00  0.00  0.53  0.53  0.53  0.52  0.52  0.50  0.50  0.50  0.50  0.50  0.52  0.52  0.53  0.53  0.53  0.54  0.54  0.54  0.56  0.56  0.56  0.51  0.51  0.33  0.00  0.00  0.00  0.00  0.00  0.00  0.00  0.00
0.00  0.00  0.00  0.00  0.11  0.16  0.21  0.27  0.32  0.37  0.00  0.00  0.00  0.00  0.00  0.00  0.00  0.00  0.47  0.46  0.45  0.44  0.43  0.40  0.40  0.40  0.43  0.44  0.45  0.46  0.47  0.48  0.48  0.50  0.51  0.51  0.52  0.53  0.48  0.49  0.32  0.00  0.00  0.00  0.00  0.00  0.00  0.00  0.00
0.00  0.00  0.00  0.00  0.11  0.18  0.22  0.29  0.35  0.41  0.00  0.00  0.00  0.00  0.00  0.00  0.00  0.00  0.00  0.47  0.46  0.46  0.46  0.45  0.50  0.45  0.46  0.46  0.46  0.47  0.48  0.50  0.52  0.54  0.55  0.58  0.58  0.59  0.53  0.55  0.35  0.00  0.00  0.00  0.00  0.00  0.00  0.00  0.00
0.00  0.00  0.00  0.00  0.10  0.15  0.22  0.25  0.31  0.37  0.00  0.00  0.00  0.00  0.00  0.00  0.00  0.00  0.00  0.39  0.38  0.38  0.38  0.40  0.40  0.40  0.38  0.38  0.38  0.39  0.40  0.41  0.44  0.45  0.48  0.50  0.52  0.53  0.49  0.51  0.31  0.00  0.00  0.00  0.00  0.00  0.00  0.00  0.00
0.00  0.00  0.00  0.00  0.09  0.12  0.18  0.21  0.26  0.31  0.00  0.00  0.00  0.00  0.00  0.00  0.00  0.00  0.00  0.36  0.36  0.36  0.36  0.38  0.40  0.38  0.36  0.36  0.36  0.36  0.36  0.37  0.38  0.40  0.41  0.43  0.46  0.48  0.43  0.45  0.26  0.00  0.00  0.00  0.00  0.00  0.00  0.00  0.00
0.00  0.00  0.00  0.00  0.09  0.12  0.18  0.24  0.28  0.35  0.00  0.00  0.00  0.00  0.00  0.00  0.00  0.00  0.00  0.47  0.47  0.46  0.44  0.43  0.40  0.43  0.44  0.46  0.47  0.47  0.45  0.46  0.46  0.45  0.47  0.48  0.49  0.53  0.45  0.50  0.28  0.00  0.00  0.00  0.00  0.00  0.00  0.00  0.00
0.00  0.00  0.00  0.00  0.07  0.13  0.15  0.20  0.25  0.30  0.00  0.00  0.00  0.00  0.00  0.00  0.00  0.00  0.00  0.46  0.47  0.47  0.46  0.44  0.40  0.44  0.46  0.47  0.47  0.46  0.46  0.46  0.46  0.46  0.45  0.45  0.47  0.46  0.42  0.43  0.25  0.00  0.00  0.00  0.00  0.00  0.00  0.00  0.00
0.00  0.00  0.00  0.00  0.06  0.11  0.14  0.19  0.25  0.30  0.00  0.00  0.00  0.00  0.00  0.00  0.00  0.00  0.00  0.47  0.46  0.48  0.49  0.50  0.50  0.50  0.49  0.48  0.46  0.47  0.47  0.47  0.46  0.45  0.45  0.44  0.44  0.43  0.39  0.41  0.25  0.00  0.00  0.00  0.00  0.00  0.00  0.00  0.00
0.00  0.00  0.00  0.00  0.08  0.14  0.19  0.23  0.30  0.37  0.00  0.00  0.00  0.00  0.00  0.00  0.00  0.00  0.00  0.59  0.59  0.58  0.60  0.60  0.60  0.60  0.60  0.58  0.59  0.59  0.58  0.57  0.57  0.56  0.56  0.54  0.55  0.53  0.45  0.48  0.30  0.00  0.00  0.00  0.00  0.00  0.00  0.00  0.00
0.00  0.00  0.00  0.00  0.10  0.13  0.20  0.26  0.32  0.00  0.00  0.00  0.00  0.00  0.00  0.00  0.00  0.00  0.00  0.60  0.59  0.59  0.59  0.60  0.60  0.60  0.59  0.59  0.59  0.60  0.59  0.59  0.58  0.58  0.57  0.57  0.56  0.56  0.49  0.45  0.32  0.00  0.00  0.00  0.00  0.00  0.00  0.00  0.00
0.00  0.00  0.00  0.00  0.10  0.14  0.21  0.26  0.00  0.00  0.00  0.00  0.00  0.00  0.00  0.00  0.00  0.00  0.00  0.60  0.60  0.60  0.61  0.61  0.60  0.61  0.61  0.60  0.60  0.60  0.59  0.59  0.58  0.59  0.58  0.58  0.57  0.56  0.50  0.49  0.33  0.00  0.00  0.00  0.00  0.00  0.00  0.00  0.00
0.00  0.00  0.00  0.00  0.10  0.15  0.21  0.00  0.00  0.00  0.00  0.00  0.00  0.00  0.00  0.00  0.00  0.00  0.00  0.62  0.60  0.60  0.60  0.60  0.60  0.60  0.60  0.60  0.60  0.62  0.61  0.61  0.61  0.61  0.61  0.59  0.60  0.57  0.51  0.00  0.00  0.00  0.00  0.00  0.00  0.00  0.00  0.00  0.00
0.00  0.00  0.00  0.00  0.13  0.18  0.26  0.00  0.00  0.00  0.00  0.00  0.00  0.00  0.00  0.00  0.00  0.00  0.00  0.72  0.73  0.72  0.70  0.70  0.70  0.70  0.70  0.72  0.73  0.72  0.72  0.71  0.71  0.71  0.70  0.71  0.70  0.68  0.62  0.00  0.00  0.00  0.00  0.00  0.00  0.00  0.00  0.00  0.00
0.00  0.00  0.00  0.00  0.13  0.20  0.27  0.00  0.00  0.00  0.00  0.00  0.00  0.00  0.00  0.00  0.00  0.00  0.00  0.76  0.77  0.78  0.80  0.80  0.80  0.80  0.80  0.78  0.77  0.76  0.75  0.74  0.75  0.75  0.75  0.74  0.73  0.74  0.64  0.00  0.00  0.00  0.00  0.00  0.00  0.00  0.00  0.00  0.00
0.00  0.00  0.00  0.00  0.14  0.22  0.30  0.00  0.00  0.00  0.00  0.00  0.00  0.00  0.00  0.00  0.00  0.00  0.00  0.82  0.82  0.82  0.81  0.80  0.80  0.80  0.81  0.82  0.82  0.82  0.82  0.82  0.82  0.81  0.79  0.78  0.77  0.77  0.68  0.00  0.00  0.00  0.00  0.00  0.00  0.00  0.00  0.00  0.00
0.00  0.00  0.00  0.00  0.16  0.25  0.33  0.00  0.00  0.00  0.00  0.00  0.00  0.00  0.00  0.00  0.00  0.00  0.00  0.90  0.90  0.90  0.90  0.90  0.90  0.90  0.90  0.90  0.90  0.90  0.90  0.90  0.89  0.88  0.87  0.86  0.85  0.85  0.76  0.00  0.00  0.00  0.00  0.00  0.00  0.00  0.00  0.00  0.00
0.00  0.00  0.00  0.00  0.18  0.27  0.37  0.00  0.00  0.00  0.00  0.00  0.00  0.00  0.00  0.00  0.00  0.00  0.00  1.00  1.00  1.00  1.00  1.00  1.00  1.00  1.00  1.00  1.00  1.00  0.99  0.98  0.97  0.96  0.95  0.95  0.94  0.00  0.00  0.00  0.00  0.00  0.00  0.00  0.00  0.00  0.00  0.00  0.00
0.00  0.00  0.00  0.00  0.20  0.30  0.40  0.00  0.00  0.00  0.00  0.00  0.00  0.00  0.00  0.00  0.00  0.00  0.00  1.00  1.00  1.00  1.00  1.00  1.00  1.00  1.00  1.00  1.00  1.00  1.00  1.00  1.00  1.00  1.00  1.00  1.00  0.00  0.00  0.00  0.00  0.00  0.00  0.00  0.00  0.00  0.26  0.00  0.00
0.00  0.00  0.00  0.00  0.20  0.30  0.40  0.00  0.00  0.00  0.00  0.00  0.00  0.00  0.00  0.00  0.00  0.00  0.00  1.00  1.00  1.00  1.00  1.00  1.00  1.00  1.00  1.00  1.00  1.00  1.00  1.00  1.00  1.00  1.00  1.00  1.00  0.00  0.00  0.00  0.00  0.00  0.00  0.00  0.00  0.00  0.40  0.20  0.10
0.00  0.00  0.00  0.00  0.20  0.30  0.40  0.00  0.00  0.00  0.00  0.00  0.00  0.00  0.00  0.00  0.00  0.00  0.00  1.00  1.00  1.00  1.00  1.00  1.00  1.00  1.00  1.00  1.00  1.00  1.00  1.00  1.00  1.00  1.00  1.00  1.00  0.00  0.00  0.00  0.00  0.00  0.00  0.00  0.00  0.00  0.40  0.20  0.10
0.00  0.00  0.00  0.00  0.20  0.30  0.40  0.00  0.00  0.00  0.00  0.00  0.00  0.00  0.00  0.00  0.00  0.00  0.00  1.00  1.00  1.00  1.00  1.00  1.00  1.00  1.00  1.00  1.00  1.00  1.00  1.00  1.00  1.00  1.00  1.00  1.00  0.00  0.00  0.00  0.00  0.00  0.00  0.00  0.00  0.00  0.40  0.20  0.10
0.00  0.00  0.00  0.00  0.20  0.30  0.40  0.00  0.00  0.00  0.00  0.00  0.00  0.00  0.00  0.00  0.00  0.00  0.00  1.00  1.00  1.00  1.00  1.00  1.00  1.00  1.00  1.00  1.00  1.00  1.00  1.00  1.00  1.00  1.00  1.00  1.00  0.00  0.00  0.00  0.00  0.00  0.00  0.00  0.00  0.00  0.40  0.20  0.10
0.00  0.00  0.00  0.00  0.20  0.30  0.40  0.00  0.00  0.00  0.00  0.00  0.00  0.00  0.00  0.00  0.00  0.00  0.00  1.00  1.00  1.00  1.00  1.00  1.00  1.00  1.00  1.00  1.00  1.00  1.00  1.00  1.00  1.00  1.00  1.00  1.00  0.00  0.00  0.00  0.00  0.00  0.00  0.00  0.00  0.00  0.40  0.20  0.10
0.00  0.00  0.00  0.00  0.20  0.30  0.40  0.00  0.00  0.00  0.00  0.00  0.00  0.00  0.00  0.00  0.00  0.00  0.00  1.00  1.00  1.00  1.00  1.00  1.00  1.00  1.00  1.00  1.00  1.00  1.00  1.00  1.00  1.00  1.00  1.00  1.00  0.00  0.00  0.00  0.00  0.00  0.00  0.00  0.00  0.00  0.40  0.20  0.10
0.00  0.00  0.00  0.00  0.20  0.30  0.40  0.00  0.00  0.00  0.00  0.00  0.00  0.00  0.00  0.00  0.00  0.00  0.00  0.00  0.00  0.00  1.00  1.00  1.00  1.00  1.00  1.00  1.00  1.00  1.00  1.00  1.00  1.00  1.00  1.00  1.00  0.00  0.00  0.00  0.00  0.00  0.00  0.00  0.00  0.00  0.40  0.20  0.10
0.00  0.00  0.00  0.00  0.20  0.30  0.40  0.00  0.00  0.00  0.00  0.00  0.00  0.00  0.00  0.00  0.00  0.00  0.00  0.00  0.00  0.00  0.00  1.00  1.00  1.00  1.00  1.00  1.00  1.00  1.00  1.00  1.00  1.00  1.00  1.00  1.00  0.00  0.00  0.00  0.00  0.00  0.00  0.00  0.00  0.00  0.40  0.20  0.10
0.00  0.00  0.00  0.00  0.20  0.00  0.00  0.00  0.00  0.00  0.00  0.00  0.00  0.00  0.00  0.00  0.00  0.00  0.00  0.00  0.00  0.00  0.00  1.00  1.00  1.00  1.00  1.00  1.00  1.00  1.00  1.00  1.00  1.00  1.00  1.00  1.00  0.00  0.00  0.00  0.00  0.00  0.00  0.00  0.00  0.00  0.40  0.20  0.10
0.00  0.00  0.00  0.00  0.18  0.00  0.00  0.00  0.00  0.00  0.00  0.00  0.00  0.00  0.00  0.00  0.00  0.00  0.00  0.00  0.00  0.00  0.00  0.90  0.90  0.90  0.90  0.90  0.90  0.90  0.90  0.90  0.90  0.90  0.90  0.90  0.90  0.00  0.00  0.00  0.00  0.00  0.00  0.00  0.00  0.00  0.36  0.18  0.09
0.00  0.00  0.00  0.00  0.18  0.00  0.00  0.00  0.00  0.00  0.00  0.00  0.00  0.00  0.00  0.00  0.00  0.00  0.00  0.00  0.00  0.00  0.00  0.90  0.90  0.90  0.90  0.90  0.90  0.90  0.90  0.90  0.90  0.90  0.90  0.90  0.90  0.00  0.00  0.00  0.00  0.00  0.00  0.00  0.00  0.00  0.36  0.18  0.09
0.00  0.00  0.00  0.00  0.18  0.00  0.00  0.00  0.00  0.00  0.00  0.00  0.00  0.00  0.00  0.00  0.00  0.00  0.00  0.00  0.00  0.00  0.00  0.90  0.90  0.90  0.90  0.90  0.90  0.90  0.90  0.90  0.90  0.90  0.90  0.90  0.90  0.00  0.00  0.00  0.00  0.00  0.00  0.00  0.00  0.00  0.36  0.18  0.09
0.00  0.00  0.00  0.00  0.18  0.00  0.00  0.00  0.00  0.00  0.00  0.00  0.00  0.00  0.00  0.00  0.00  0.00  0.00  0.00  0.00  0.00  0.00  0.90  0.90  0.90  0.90  0.90  0.90  0.90  0.90  0.90  0.90  0.90  0.90  0.90  0.90  0.00  0.00  0.00  0.00  0.00  0.00  0.00  0.00  0.00  0.36  0.18  0.09
0.00  0.00  0.00  0.00  0.16  0.00  0.00  0.00  0.00  0.00  0.00  0.00  0.00  0.00  0.00  0.00  0.00  0.00  0.00  0.00  0.00  0.00  0.00  0.80  0.80  0.80  0.80  0.80  0.80  0.80  0.80  0.80  0.80  0.80  0.80  0.80  0.80  0.00  0.00  0.00  0.00  0.00  0.00  0.00  0.00  0.00  0.32  0.16  0.08
0.00  0.00  0.00  0.00  0.16  0.00  0.00  0.00  0.00  0.00  0.00  0.00  0.00  0.00  0.00  0.00  0.00  0.00  0.00  0.00  0.00  0.00  0.00  0.80  0.80  0.80  0.80  0.80  0.80  0.80  0.80  0.80  0.80  0.80  0.80  0.80  0.80  0.00  0.00  0.00  0.00  0.00  0.00  0.00  0.00  0.00  0.32  0.16  0.08
0.00  0.00  0.00  0.00  0.16  0.00  0.00  0.00  0.00  0.00  0.00  0.00  0.00  0.00  0.00  0.00  0.00  0.00  0.00  0.00  0.00  0.00  0.00  0.80  0.80  0.80  0.80  0.80  0.80  0.80  0.80  0.80  0.80  0.80  0.80  0.80  0.80  0.80  0.00  0.00  0.00  0.00  0.00  0.00  0.00  0.47  0.31  0.16  0.07
0.00  0.00  0.00  0.00  0.14  0.00  0.00  0.00  0.00  0.00  0.00  0.00  0.00  0.00  0.00  0.00  0.00  0.00  0.00  0.00  0.00  0.00  0.00  0.70  0.70  0.70  0.70  0.70  0.70  0.70  0.70  0.70  0.70  0.70  0.70  0.70  0.70  0.70  0.63  0.62  0.00  0.00  0.00  0.49  0.42  0.39  0.26  0.13  0.04
0.00  0.00  0.00  0.00  0.14  0.00  0.00  0.00  0.00  0.00  0.00  0.00  0.00  0.00  0.00  0.00  0.00  0.00  0.00  0.00  0.00  0.00  0.00  0.70  0.70  0.70  0.70  0.70  0.70  0.70  0.70  0.70  0.70  0.70  0.70  0.70  0.70  0.70  0.63  0.63  0.56  0.56  0.49  0.48  0.39  0.33  0.21  0.10  0.02
0.00  0.00  0.00  0.00  0.14  0.00  0.00  0.00  0.00  0.00  0.00  0.00  0.00  0.00  0.00  0.00  0.00  0.00  0.00  0.00  0.00  0.00  0.70  0.70  0.70  0.70  0.70  0.70  0.70  0.70  0.70  0.70  0.70  0.70  0.70  0.70  0.70  0.63  0.63  0.56  0.55  0.46  0.42  0.33  0.23  0.13  0.04  0.00  0.00
0.00  0.00  0.00  0.12  0.00  0.00  0.00  0.00  0.00  0.00  0.00  0.00  0.00  0.00  0.00  0.00  0.00  0.00  0.00  0.00  0.00  0.00  0.60  0.60  0.60  0.60  0.60  0.60  0.60  0.60  0.60  0.60  0.60  0.60  0.60  0.60  0.60  0.54  0.53  0.47  0.45  0.36  0.31  0.23  0.14  0.06  0.01  0.00  0.00
0.00  0.00  0.00  0.10  0.00  0.00  0.00  0.00  0.00  0.00  0.00  0.00  0.00  0.00  0.00  0.00  0.00  0.00  0.00  0.00  0.00  0.60  0.60  0.60  0.60  0.60  0.60  0.60  0.60  0.60  0.60  0.60  0.60  0.60  0.60  0.60  0.59  0.52  0.49  0.42  0.38  0.30  0.23  0.14  0.07  0.02  0.00  0.00  0.00
0.00  0.00  0.00  0.06  0.00  0.00  0.00  0.00  0.00  0.00  0.00  0.00  0.00  0.00  0.00  0.00  0.00  0.00  0.00  0.00  0.28  0.50  0.50  0.50  0.50  0.50  0.50  0.50  0.50  0.50  0.50  0.50  0.50  0.50  0.50  0.49  0.47  0.41  0.37  0.30  0.25  0.19  0.13  0.07  0.03  0.00  0.00  0.00  0.00
0.00  0.00  0.00  0.03  0.00  0.00  0.00  0.00  0.00  0.00  0.00  0.00  0.00  0.00  0.00  0.00  0.00  0.00  0.00  0.00  0.50  0.50  0.50  0.50  0.50  0.50  0.50  0.50  0.50  0.50  0.50  0.50  0.50  0.49  0.46  0.43  0.39  0.33  0.27  0.20  0.15  0.11  0.07  0.03  0.00  0.00  0.00  0.00  0.00
0.00  0.00  0.00  0.00  0.02  0.00  0.00  0.00  0.00  0.00  0.00  0.00  0.00  0.00  0.00  0.00  0.00  0.00  0.00  0.40  0.40  0.40  0.40  0.40  0.40  0.40  0.40  0.40  0.40  0.40  0.40  0.40  0.38  0.36  0.33  0.30  0.24  0.20  0.17  0.14  0.09  0.05  0.02  0.00  0.00  0.00  0.00  0.00  0.00
0.00  0.00  0.00  0.00  0.00  0.01  0.00  0.00  0.00  0.00  0.00  0.00  0.00  0.00  0.00  0.00  0.00  0.38  0.39  0.40  0.40  0.40  0.40  0.40  0.40  0.40  0.40  0.40  0.39  0.38  0.36  0.34  0.31  0.28  0.23  0.19  0.16  0.12  0.10  0.06  0.03  0.01  0.00  0.00  0.00  0.00  0.00  0.00  0.00
0.00  0.00  0.00  0.00  0.00  0.00  0.00  0.01  0.00  0.00  0.00  0.00  0.00  0.00  0.00  0.21  0.25  0.28  0.30  0.31  0.34  0.34  0.34  0.30  0.34  0.34  0.34  0.31  0.30  0.28  0.25  0.21  0.18  0.15  0.12  0.09  0.07  0.05  0.03  0.01  0.00  0.00  0.00  0.00  0.00  0.00  0.00  0.00  0.00
