0.12069 0.14655 0.17241 0.18103 0.2069 0.22414 0.24138 0.25 0.26724 0.27586 0.2931 0.31034 0.31897 0.33621 0.33621 0.33621 0.33621 0.33621 0.33621 0.33621 0.33621 0.33621 0.33621 0.33621 0.33621 0.33621 0.33621 0.33621 0.33621 0.33621 0.33621 0.33621 0.30172 0.2931 0.26724 0.25 0.22414 0.2069 0.18966 0.16379 0.13793 0.12931 0.094828 0.086207 0.068966 0.043103 0.025862 0 0
0.14655 0.16379 0.18966 0.2069 0.23276 0.25 0.26724 0.28448 0.30172 0.31897 0.33621 0.35345 0.37069 0.38793 0.38793 0.38793 0.38793 0.38793 0.38793 0.38793 0.38793 0.38793 0.38793 0.38793 0.38793 0.38793 0.38793 0.38793 0.38793 0.38793 0.38793 0.38793 0.35345 0.33621 0.31034 0.2931 0.26724 0.24138 0.22414 0.19828 0.16379 0.15517 0.12069 0.10345 0.086207 0.051724 0.034483 0 0
0.17241 0.19828 0.23276 0.25 0.27586 0.30172 0.32759 0.34483 0.36207 0.37931 0.39655 0.42241 0.43966 0.4569 0.4569 0.4569 0.4569 0.4569 0.4569 0.4569 0.4569 0.4569 0.4569 0.4569 0.4569 0.4569 0.4569 0.4569 0.4569 0.4569 0.4569 0.4569 0.41379 0.39655 0.36207 0.34483 0.31034 0.28448 0.25862 0.22414 0.18966 0.17241 0.13793 0.11207 0.094828 0.060345 0.034483 0 0
0.18966 0.21552 0.25 0.26724 0.30172 0.32759 0.35345 0.37069 0.39655 0.41379 0.43103 0.4569 0.47414 0.5 0.5 0.5 0.5 0.5 0.5 0.5 0.5 0.5 0.5 0.5 0.5 0.5 0.5 0.5 0.5 0.5 0.5 0.5 0.4569 0.43966 0.39655 0.37931 0.34483 0.31034 0.28448 0.25 0.21552 0.18966 0.15517 0.12931 0.10345 0.068966 0.043103 0 0
0.2069 0.23276 0.27586 0.2931 0.32759 0.36207 0.38793 0.40517 0.43103 0.44828 0.47414 0.5 0.51724 0.5431 0.5431 0.5431 0.5431 0.5431 0.5431 0.5431 0.5431 0.5431 0.5431 0.5431 0.5431 0.5431 0.5431 0.5431 0.5431 0.5431 0.5431 0.5431 0.49138 0.47414 0.43103 0.40517 0.37069 0.33621 0.31034 0.26724 0.23276 0.2069 0.16379 0.13793 0.11207 0.068966 0.043103 0 0
0.22414 0.25 0.2931 0.31897 0.35345 0.38793 0.41379 0.43966 0.46552 0.48276 0.50862 0.53448 0.56034 0.58621 0.58621 0.58621 0.58621 0.58621 0.58621 0.58621 0.58621 0.58621 0.58621 0.58621 0.58621 0.58621 0.58621 0.58621 0.58621 0.58621 0.58621 0.58621 0.53448 0.50862 0.46552 0.43966 0.40517 0.36207 0.33621 0.2931 0.25 0.22414 0.18103 0.14655 0.12069 0.077586 0.051724 0 0
0.23276 0.26724 0.31034 0.33621 0.37069 0.41379 0.44828 0.47414 0.5 0.52586 0.55172 0.58621 0.61207 0.63793 0.63793 0.63793 0.63793 0.63793 0.63793 0.63793 0.63793 0.63793 0.63793 0.63793 0.63793 0.63793 0.63793 0.63793 0.63793 0.63793 0.63793 0.63793 0.58621 0.56034 0.51724 0.48276 0.44828 0.40517 0.37069 0.32759 0.28448 0.25 0.2069 0.16379 0.13793 0.086207 0.051724 0 0
0.25 0.28448 0.33621 0.36207 0.40517 0.44828 0.48276 0.50862 0.5431 0.56897 0.59483 0.62931 0.65517 0.68966 0.68966 0.68966 0.68966 0.68966 0.68966 0.68966 0.68966 0.68966 0.68966 0.68966 0.68966 0.68966 0.68966 0.68966 0.68966 0.68966 0.68966 0.68966 0.62931 0.60345 0.56034 0.52586 0.48276 0.43966 0.40517 0.35345 0.31034 0.26724 0.22414 0.18103 0.14655 0.094828 0.060345 0 0
0.26724 0.30172 0.36207 0.38793 0.43103 0.48276 0.51724 0.5431 0.57759 0.60345 0.63793 0.67241 0.69828 0.73276 0.73276 0.73276 0.73276 0.73276 0.73276 0.73276 0.73276 0.73276 0.73276 0.73276 0.73276 0.73276 0.73276 0.73276 0.73276 0.73276 0.73276 0.73276 0.67241 0.64655 0.59483 0.56034 0.51724 0.46552 0.43103 0.37069 0.32759 0.28448 0.23276 0.18966 0.15517 0.094828 0.060345 0 0
0.2931 0.32759 0.38793 0.42241 0.46552 0.51724 0.55172 0.58621 0.62069 0.64655 0.68103 0.71552 0.75 0.78448 0.78448 0.78448 0.78448 0.78448 0.78448 0.78448 0.78448 0.78448 0.78448 0.78448 0.78448 0.78448 0.78448 0.78448 0.78448 0.78448 0.78448 0.78448 0.71552 0.68966 0.63793 0.59483 0.55172 0.49138 0.4569 0.39655 0.34483 0.30172 0.25 0.19828 0.16379 0.10345 0.068966 0 0
0.30172 0.33621 0.39655 0.43103 0.47414 0.53448 0.56897 0.60345 0.63793 0.67241 0.7069 0.74138 0.77586 0.81034 0.81034 0.81034 0.81034 0.81034 0.81034 0.81034 0.81034 0.81034 0.81034 0.81034 0.81034 0.81034 0.81034 0.81034 0.81034 0.81034 0.81034 0.81034 0.74138 0.7069 0.65517 0.61207 0.56897 0.50862 0.47414 0.41379 0.36207 0.31034 0.25862 0.2069 0.17241 0.10345 0.068966 0 0
0.31034 0.35345 0.41379 0.44828 0.49138 0.55172 0.58621 0.62069 0.65517 0.68966 0.72414 0.76724 0.80172 0.83621 0.83621 0.83621 0.83621 0.83621 0.83621 0.83621 0.83621 0.83621 0.83621 0.83621 0.83621 0.83621 0.83621 0.83621 0.83621 0.83621 0.83621 0.83621 0.76724 0.73276 0.68103 0.62931 0.58621 0.52586 0.48276 0.42241 0.37069 0.31897 0.26724 0.21552 0.18103 0.11207 0.068966 0 0
0.32759 0.37069 0.43966 0.47414 0.51724 0.57759 0.62069 0.65517 0.68966 0.72414 0.75862 0.80172 0.83621 0.87069 0.87069 0.87069 0.87069 0.87069 0.87069 0.87069 0.87069 0.87069 0.87069 0.87069 0.87069 0.87069 0.87069 0.87069 0.87069 0.87069 0.87069 0.87069 0.80172 0.75862 0.7069 0.65517 0.60345 0.5431 0.5 0.43103 0.37931 0.32759 0.27586 0.21552 0.18103 0.11207 0.068966 0 0
0.34483 0.38793 0.4569 0.49138 0.5431 0.60345 0.64655 0.68103 0.72414 0.75862 0.7931 0.83621 0.87069 0.91379 0.91379 0.91379 0.91379 0.91379 0.91379 0.91379 0.91379 0.91379 0.91379 0.91379 0.91379 0.91379 0.91379 0.91379 0.91379 0.91379 0.91379 0.91379 0.84483 0.80172 0.74138 0.68966 0.63793 0.56897 0.52586 0.4569 0.40517 0.34483 0.2931 0.23276 0.18966 0.12069 0.077586 0 0
0.36207 0.40517 0.48276 0.51724 0.56897 0.63793 0.68103 0.71552 0.75862 0.7931 0.83621 0.87931 0.91379 0.9569 0.9569 0.9569 0.9569 0.9569 0.9569 0.9569 0.9569 0.9569 0.9569 0.9569 0.9569 0.9569 0.9569 0.9569 0.9569 0.9569 0.9569 0.9569 0.87931 0.83621 0.77586 0.71552 0.66379 0.59483 0.55172 0.47414 0.42241 0.36207 0.30172 0.24138 0.19828 0.12069 0.077586 0 0
0.36207 0.40517 0.48276 0.51724 0.56897 0.63793 0.68103 0.71552 0.75862 0.7931 0.83621 0.87931 0.92241 0.96552 0.96552 0.96552 0.96552 0.96552 0.96552 0.96552 0.96552 0.96552 0.96552 0.96552 0.96552 0.96552 0.96552 0.96552 0.96552 0.96552 0.96552 0.96552 0.88793 0.84483 0.78448 0.72414 0.67241 0.60345 0.56034 0.48276 0.43103 0.37069 0.31034 0.25 0.2069 0.12931 0.086207 0 0
0.37931 0.42241 0.5 0.5431 0.59483 0.66379 0.7069 0.75 0.7931 0.82759 0.87069 0.91379 0.9569 1 1 1 1 1 1 1 1 1 1 1 1 1 1 1 1 1 1 1 0.92241 0.87069 0.81034 0.75 0.69828 0.62069 0.57759 0.5 0.43966 0.37931 0.31897 0.25 0.2069 0.12931 0.086207 0 0
0.38793 0.42241 0.5 0.56034 0.60345 0.66379 0.7069 0.76724 0.7931 0.83621 0.87069 0.91379 0.9569 1 1 1 1 1 1 1 1 1 1 1 1 1 1 1 1 1 1 1 0.92241 0.87069 0.81034 0.75 0.69828 0.62069 0.57759 0.5 0.43966 0.37931 0.31897 0.25 0.2069 0.12931 0.086207 0 0
0.38793 0.43966 0.52586 0.56034 0.60345 0.67241 0.71552 0.75 0.80172 0.83621 0.87069 0.91379 0.9569 1 1 1 1 1 1 1 1 1 1 1 1 1 1 1 1 1 1 1 0.92241 0.87069 0.81034 0.75 0.69828 0.62069 0.57759 0.5 0.43966 0.37931 0.31897 0.25 0.2069 0.12931 0.086207 0 0
0.39655 0.46552 0.52586 0.56034 0.61207 0.68103 0.73276 0.75862 0.80172 0.82759 0.87931 0.91379 0.9569 1 1 1 1 1 1 1 1 1 1 1 1 1 1 1 1 1 1 1 0.92241 0.87069 0.81034 0.75 0.69828 0.62069 0.57759 0.5 0.43966 0.37931 0.31897 0.25 0.2069 0.12931 0.086207 0 0
0.39655 0.43966 0.51724 0.57759 0.62931 0.68966 0.71552 0.75862 0.81034 0.84483 0.88793 0.92241 0.96552 1 1 1 1 1 1 1 1 1 1 1 1 1 1 1 1 1 1 1 0.92241 0.87069 0.81034 0.75 0.69828 0.62069 0.57759 0.5 0.43966 0.37931 0.31897 0.25 0.2069 0.12931 0.086207 0 0
0.40517 0.4569 0.5431 0.58621 0.62931 0.68103 0.72414 0.77586 0.81034 0.84483 0.87931 0.91379 0.9569 1 1 1 1 1 1 1 1 1 1 1 1 1 1 1 1 1 1 1 0.92241 0.87069 0.81034 0.75 0.69828 0.62069 0.57759 0.5 0.43966 0.37931 0.31897 0.25 0.2069 0.12931 0.086207 0 0
0.40517 0.46552 0.53448 0.57759 0.62931 0.68966 0.73276 0.76724 0.81034 0.84483 0.87931 0.92241 0.9569 1 1 1 1 1 1 1 1 1 1 1 1 1 1 1 1 1 1 1 0.92241 0.87069 0.81034 0.75 0.69828 0.62069 0.57759 0.5 0.43966 0.37931 0.31897 0.25 0.2069 0.12931 0.086207 0 0
0.40517 0.44828 0.52586 0.56034 0.61207 0.68103 0.72414 0.75862 0.80172 0.83621 0.87931 0.92241 0.9569 1 1 1 1 1 1 1 1 1 1 1 1 1 1 1 1 1 1 1 0.92241 0.87069 0.81034 0.75 0.69828 0.62069 0.57759 0.5 0.43966 0.37931 0.31897 0.25 0.2069 0.12931 0.086207 0 0
0.37931 0.42241 0.5 0.5431 0.59483 0.66379 0.7069 0.75 0.7931 0.82759 0.87069 0.91379 0.9569 1 1 1 1 1 1 1 1 1 1 1 1 1 1 1 1 1 1 1 0.92241 0.87069 0.81034 0.75 0.69828 0.62069 0.57759 0.5 0.43966 0.37931 0.31897 0.25 0.2069 0.12931 0.086207 0 0
0.41379 0.4569 0.52586 0.56897 0.61207 0.68103 0.71552 0.75862 0.80172 0.83621 0.87931 0.91379 0.9569 1 1 1 1 1 1 1 1 1 1 1 1 1 1 1 1 1 1 1 0.92241 0.87069 0.81034 0.75 0.69828 0.62069 0.57759 0.5 0.43966 0.37931 0.31897 0.25 0.2069 0.12931 0.086207 0 0
0.40517 0.4569 0.5431 0.58621 0.62931 0.68966 0.73276 0.77586 0.81034 0.84483 0.88793 0.92241 0.96552 1 1 1 1 1 1 1 1 1 1 1 1 1 1 1 1 1 1 1 0.92241 0.87069 0.81034 0.75 0.69828 0.62069 0.57759 0.5 0.43966 0.37931 0.31897 0.25 0.2069 0.12931 0.086207 0 0
0.40517 0.44828 0.5431 0.57759 0.62931 0.68966 0.73276 0.76724 0.80172 0.83621 0.87931 0.92241 0.96552 1 1 1 1 1 1 1 1 1 1 1 1 1 1 1 1 1 1 1 0.92241 0.87069 0.81034 0.75 0.69828 0.62069 0.57759 0.5 0.43966 0.37931 0.31897 0.25 0.2069 0.12931 0.086207 0 0
0.41379 0.4569 0.52586 0.56034 0.60345 0.67241 0.73276 0.76724 0.80172 0.83621 0.87931 0.92241 0.9569 1 1 1 1 1 1 1 1 1 1 1 1 1 1 1 1 1 1 1 0.92241 0.87069 0.81034 0.75 0.69828 0.62069 0.57759 0.5 0.43966 0.37931 0.31897 0.25 0.2069 0.12931 0.086207 0 0
0.38793 0.43966 0.52586 0.58621 0.62069 0.68103 0.71552 0.75862 0.81034 0.82759 0.87069 0.91379 0.9569 1 1 1 1 1 1 1 1 1 1 1 1 1 1 1 1 1 1 1 0.92241 0.87069 0.81034 0.75 0.69828 0.62069 0.57759 0.5 0.43966 0.37931 0.31897 0.25 0.2069 0.12931 0.086207 0 0
0.37931 0.43966 0.51724 0.56034 0.61207 0.66379 0.72414 0.76724 0.80172 0.83621 0.87931 0.91379 0.9569 1 1 1 1 1 1 1 1 1 1 1 1 1 1 1 1 1 1 1 0.92241 0.87069 0.81034 0.75 0.69828 0.62069 0.57759 0.5 0.43966 0.37931 0.31897 0.25 0.2069 0.12931 0.086207 0 0
0.39655 0.43966 0.5 0.5431 0.59483 0.68103 0.7069 0.75 0.80172 0.82759 0.87069 0.91379 0.9569 1 1 1 1 1 1 1 1 1 1 1 1 1 1 1 1 1 1 1 0.92241 0.87069 0.81034 0.75 0.69828 0.62069 0.57759 0.5 0.43966 0.37931 0.31897 0.25 0.2069 0.12931 0.086207 0 0
0.37931 0.42241 0.5 0.5431 0.59483 0.66379 0.7069 0.75 0.7931 0.82759 0.87069 0.91379 0.9569 1 1 1 1 1 1 1 1 1 1 1 1 1 1 1 1 1 1 1 0.92241 0.87069 0.81034 0.75 0.69828 0.62069 0.57759 0.5 0.43966 0.37931 0.31897 0.25 0.2069 0.12931 0.086207 0 0
0.36207 0.40517 0.47414 0.51724 0.56897 0.63793 0.67241 0.71552 0.75862 0.7931 0.83621 0.87069 0.91379 0.9569 0.9569 0.9569 0.9569 0.9569 0.9569 0.9569 0.9569 0.9569 0.9569 0.9569 0.9569 0.9569 0.9569 0.9569 0.9569 0.9569 0.9569 0.9569 0.88793 0.83621 0.77586 0.71552 0.67241 0.59483 0.55172 0.48276 0.42241 0.36207 0.31034 0.24138 0.19828 0.12069 0.086207 0 0
0.36207 0.40517 0.47414 0.51724 0.56897 0.63793 0.67241 0.71552 0.75 0.78448 0.82759 0.86207 0.90517 0.93966 0.93966 0.93966 0.93966 0.93966 0.93966 0.93966 0.93966 0.93966 0.93966 0.93966 0.93966 0.93966 0.93966 0.93966 0.93966 0.93966 0.93966 0.93966 0.87069 0.81897 0.75862 0.69828 0.65517 0.57759 0.53448 0.46552 0.40517 0.34483 0.2931 0.22414 0.18966 0.11207 0.077586 0 0
0.34483 0.38793 0.4569 0.5 0.5431 0.61207 0.64655 0.68966 0.72414 0.75862 0.80172 0.83621 0.87931 0.91379 0.91379 0.91379 0.91379 0.91379 0.91379 0.91379 0.91379 0.91379 0.91379 0.91379 0.91379 0.91379 0.91379 0.91379 0.91379 0.91379 0.91379 0.91379 0.84483 0.7931 0.74138 0.68103 0.63793 0.56897 0.52586 0.4569 0.40517 0.34483 0.2931 0.22414 0.18966 0.11207 0.077586 0 0
0.32759 0.36207 0.43103 0.47414 0.51724 0.57759 0.61207 0.65517 0.68966 0.72414 0.75862 0.7931 0.83621 0.87069 0.87069 0.87069 0.87069 0.87069 0.87069 0.87069 0.87069 0.87069 0.87069 0.87069 0.87069 0.87069 0.87069 0.87069 0.87069 0.87069 0.87069 0.87069 0.81034 0.75862 0.7069 0.65517 0.61207 0.5431 0.50862 0.43966 0.38793 0.32759 0.28448 0.21552 0.18103 0.11207 0.077586 0 0
0.31034 0.34483 0.41379 0.44828 0.49138 0.55172 0.58621 0.62069 0.65517 0.68966 0.72414 0.75862 0.7931 0.82759 0.82759 0.82759 0.82759 0.82759 0.82759 0.82759 0.82759 0.82759 0.82759 0.82759 0.82759 0.82759 0.82759 0.82759 0.82759 0.82759 0.82759 0.82759 0.76724 0.72414 0.67241 0.62069 0.58621 0.51724 0.48276 0.41379 0.37069 0.31034 0.26724 0.2069 0.17241 0.10345 0.068966 0 0
0.30172 0.32759 0.39655 0.43103 0.46552 0.52586 0.56034 0.59483 0.62931 0.65517 0.68966 0.72414 0.75862 0.7931 0.7931 0.7931 0.7931 0.7931 0.7931 0.7931 0.7931 0.7931 0.7931 0.7931 0.7931 0.7931 0.7931 0.7931 0.7931 0.7931 0.7931 0.7931 0.73276 0.68966 0.64655 0.59483 0.56034 0.49138 0.46552 0.39655 0.35345 0.30172 0.25862 0.19828 0.16379 0.10345 0.068966 0 0
0.2931 0.31897 0.37931 0.41379 0.44828 0.50862 0.53448 0.56897 0.60345 0.62931 0.66379 0.68966 0.72414 0.75862 0.75862 0.75862 0.75862 0.75862 0.75862 0.75862 0.75862 0.75862 0.75862 0.75862 0.75862 0.75862 0.75862 0.75862 0.75862 0.75862 0.75862 0.75862 0.69828 0.65517 0.61207 0.56034 0.53448 0.46552 0.43966 0.37931 0.33621 0.28448 0.25 0.18966 0.15517 0.094828 0.068966 0 0
0.27586 0.30172 0.36207 0.39655 0.42241 0.48276 0.50862 0.5431 0.56897 0.59483 0.62931 0.65517 0.68966 0.71552 0.71552 0.71552 0.71552 0.71552 0.71552 0.71552 0.71552 0.71552 0.71552 0.71552 0.71552 0.71552 0.71552 0.71552 0.71552 0.71552 0.71552 0.71552 0.66379 0.62069 0.57759 0.52586 0.5 0.43966 0.41379 0.35345 0.31897 0.26724 0.23276 0.17241 0.14655 0.086207 0.060345 0 0
0.25 0.27586 0.32759 0.36207 0.38793 0.43966 0.46552 0.5 0.52586 0.55172 0.57759 0.60345 0.63793 0.66379 0.66379 0.66379 0.66379 0.66379 0.66379 0.66379 0.66379 0.66379 0.66379 0.66379 0.66379 0.66379 0.66379 0.66379 0.66379 0.66379 0.66379 0.66379 0.62069 0.57759 0.5431 0.5 0.47414 0.41379 0.38793 0.33621 0.30172 0.25 0.22414 0.16379 0.13793 0.086207 0.060345 0 0
0.23276 0.25862 0.31034 0.33621 0.36207 0.41379 0.43966 0.46552 0.49138 0.51724 0.5431 0.56897 0.59483 0.62069 0.62069 0.62069 0.62069 0.62069 0.62069 0.62069 0.62069 0.62069 0.62069 0.62069 0.62069 0.62069 0.62069 0.62069 0.62069 0.62069 0.62069 0.62069 0.57759 0.5431 0.50862 0.46552 0.43966 0.38793 0.36207 0.31034 0.28448 0.23276 0.2069 0.15517 0.12931 0.077586 0.051724 0 0
0.2069 0.24138 0.28448 0.31897 0.34483 0.38793 0.41379 0.43966 0.46552 0.48276 0.50862 0.53448 0.56034 0.58621 0.58621 0.58621 0.58621 0.58621 0.58621 0.58621 0.58621 0.58621 0.58621 0.58621 0.58621 0.58621 0.58621 0.58621 0.58621 0.58621 0.58621 0.58621 0.5431 0.50862 0.48276 0.43966 0.41379 0.36207 0.34483 0.2931 0.26724 0.22414 0.19828 0.14655 0.12069 0.077586 0.051724 0 0
0.17241 0.2069 0.25 0.2931 0.31897 0.36207 0.37931 0.40517 0.43103 0.44828 0.47414 0.49138 0.51724 0.5431 0.5431 0.5431 0.5431 0.5431 0.5431 0.5431 0.5431 0.5431 0.5431 0.5431 0.5431 0.5431 0.5431 0.5431 0.5431 0.5431 0.5431 0.5431 0.50862 0.47414 0.44828 0.40517 0.38793 0.33621 0.31897 0.27586 0.25 0.2069 0.18103 0.13793 0.11207 0.068966 0.051724 0 0
0.13793 0.17241 0.21552 0.25 0.28448 0.32759 0.35345 0.37931 0.39655 0.41379 0.43966 0.4569 0.48276 0.5 0.5 0.5 0.5 0.5 0.5 0.5 0.5 0.5 0.5 0.5 0.5 0.5 0.5 0.5 0.5 0.5 0.5 0.5 0.46552 0.43103 0.41379 0.37069 0.35345 0.31034 0.2931 0.25 0.22414 0.18966 0.16379 0.12069 0.10345 0.060345 0.043103 0 0
0.094828 0.12931 0.15517 0.2069 0.24138 0.26724 0.2931 0.32759 0.34483 0.36207 0.37931 0.39655 0.41379 0.43103 0.43103 0.43103 0.43103 0.43103 0.43103 0.43103 0.43103 0.43103 0.43103 0.43103 0.43103 0.43103 0.43103 0.43103 0.43103 0.43103 0.43103 0.43103 0.40517 0.37069 0.35345 0.31897 0.30172 0.25862 0.24138 0.2069 0.18966 0.15517 0.13793 0.10345 0.086207 0.051724 0.034483 0 0
0.060345 0.086207 0.11207 0.13793 0.17241 0.19828 0.22414 0.25862 0.28448 0.30172 0.32759 0.33621 0.36207 0.37931 0.37931 0.37931 0.37931 0.37931 0.37931 0.37931 0.37931 0.37931 0.37931 0.37931 0.37931 0.37931 0.37931 0.37931 0.37931 0.37931 0.37931 0.37931 0.35345 0.32759 0.31034 0.28448 0.26724 0.23276 0.22414 0.18966 0.17241 0.14655 0.12931 0.094828 0.077586 0.051724 0.034483 0 0
0.034483 0.051724 0.068966 0.094828 0.11207 0.13793 0.16379 0.18966 0.21552 0.24138 0.26724 0.28448 0.31034 0.32759 0.33621 0.33621 0.33621 0.33621 0.33621 0.33621 0.33621 0.33621 0.33621 0.33621 0.33621 0.33621 0.33621 0.33621 0.33621 0.33621 0.33621 0.33621 0.31897 0.2931 0.27586 0.25 0.24138 0.2069 0.19828 0.17241 0.15517 0.12931 0.11207 0.086207 0.068966 0.043103 0.034483 0 0
