0 0 0 0 0 0 0.008621 0.017241 0.017241 0.017241 0.017241 0.025862 0.025862 0.025862 0.034483 0.034483 0.034483 0.034483 0.034483 0.034483 0.025862 0.025862 0.017241 0.025862 0.043103 0.017241 0.025862 0.025862 0.025862 0.025862 0.034483 0.025862 0.025862 0.017241 0.017241 0.017241 0.017241 0.017241 0.017241 0.017241 0.017241 0.008621 0.008621 0 0 0 0 0 0
0 0 0 0 0 0.017241 0.017241 0.017241 0.017241 0.025862 0.025862 0.043103 0.043103 0.043103 0.043103 0.051724 0.051724 0.068966 0.068966 0.068966 0.060345 0.068966 0.077586 0.068966 0.086207 0.077586 0.068966 0.068966 0.060345 0.060345 0.060345 0.051724 0.051724 0.051724 0.051724 0.051724 0.043103 0.034483 0.025862 0.025862 0.017241 0.017241 0.017241 0.008621 0 0 0 0 0
0 0 0 0 0.017241 0.017241 0.017241 0.025862 0.034483 0.034483 0.043103 0.060345 0.060345 0.068966 0.068966 0.077586 0.077586 0.068966 0.094828 0.10345 0.11207 0.11207 0.12931 0.12931 0.12931 0.12931 0.12069 0.12931 0.11207 0.10345 0.086207 0.086207 0.077586 0.060345 0.051724 0.051724 0.051724 0.051724 0.043103 0.034483 0.025862 0.025862 0.017241 0.017241 0.008621 0 0 0 0
0 0 0 0.017241 0.017241 0.017241 0.025862 0.034483 0.051724 0.060345 0.060345 0.077586 0.086207 0.094828 0.094828 0.10345 0.12069 0.12069 0.13793 0.15517 0.16379 0.17241 0.17241 0.18103 0.17241 0.18103 0.17241 0.15517 0.16379 0.15517 0.14655 0.13793 0.11207 0.11207 0.11207 0.11207 0.086207 0.068966 0.068966 0.060345 0.051724 0.034483 0.025862 0.017241 0.017241 0.008621 0 0 0
0 0 0 0.017241 0.017241 0.034483 0.043103 0.060345 0.068966 0.077586 0.086207 0.11207 0.11207 0.12069 0.14655 0.15517 0.17241 0.18966 0.19828 0.21552 0.21552 0.23276 0.23276 0.23276 0.25 0.23276 0.24138 0.22414 0.22414 0.2069 0.19828 0.18966 0.16379 0.15517 0.11207 0.11207 0.11207 0.10345 0.086207 0.077586 0.068966 0.051724 0.043103 0.025862 0.025862 0.017241 0.008621 0 0
0 0 0.017241 0.017241 0.034483 0.051724 0.060345 0.077586 0.086207 0.10345 0.11207 0.13793 0.14655 0.16379 0.18103 0.2069 0.22414 0.25862 0.25862 0.27586 0.27586 0.2931 0.28448 0.28448 0.2931 0.2931 0.2931 0.27586 0.27586 0.27586 0.26724 0.24138 0.22414 0.18966 0.18966 0.18966 0.14655 0.12931 0.12069 0.10345 0.086207 0.077586 0.060345 0.043103 0.034483 0.025862 0.008621 0.008621 0
0 0.017241 0.017241 0.034483 0.051724 0.068966 0.077586 0.094828 0.12069 0.13793 0.13793 0.17241 0.18966 0.21552 0.24138 0.26724 0.26724 0.31034 0.31034 0.31897 0.32759 0.34483 0.35345 0.34483 0.33621 0.35345 0.34483 0.33621 0.32759 0.31034 0.31034 0.2931 0.27586 0.26724 0.24138 0.18966 0.18966 0.17241 0.14655 0.13793 0.12069 0.094828 0.077586 0.060345 0.043103 0.034483 0.017241 0.008621 0
0 0.017241 0.017241 0.051724 0.060345 0.086207 0.10345 0.12931 0.14655 0.17241 0.19828 0.21552 0.24138 0.26724 0.30172 0.32759 0.32759 0.34483 0.36207 0.37931 0.38793 0.39655 0.39655 0.40517 0.41379 0.40517 0.39655 0.39655 0.38793 0.38793 0.37069 0.35345 0.34483 0.32759 0.2931 0.2931 0.25862 0.22414 0.19828 0.18103 0.15517 0.12931 0.10345 0.086207 0.060345 0.043103 0.034483 0.017241 0.008621
0.017241 0.017241 0.051724 0.060345 0.086207 0.10345 0.13793 0.16379 0.18966 0.21552 0.24138 0.28448 0.31034 0.33621 0.36207 0.39655 0.39655 0.41379 0.43103 0.43966 0.44828 0.44828 0.4569 0.4569 0.4569 0.4569 0.4569 0.4569 0.4569 0.43966 0.42241 0.41379 0.39655 0.37931 0.37069 0.31897 0.2931 0.28448 0.25 0.22414 0.18966 0.16379 0.13793 0.11207 0.086207 0.060345 0.043103 0.025862 0.008621
0.017241 0.051724 0.051724 0.086207 0.11207 0.14655 0.17241 0.19828 0.24138 0.26724 0.2931 0.34483 0.37069 0.40517 0.42241 0.4569 0.46552 0.47414 0.49138 0.5 0.5 0.5 0.50862 0.51724 0.5 0.51724 0.51724 0.50862 0.50862 0.5 0.48276 0.47414 0.4569 0.43966 0.42241 0.39655 0.38793 0.33621 0.31034 0.26724 0.25 0.2069 0.18103 0.14655 0.11207 0.086207 0.060345 0.043103 0.017241
0.017241 0.051724 0.077586 0.11207 0.13793 0.18103 0.21552 0.25 0.2931 0.31897 0.35345 0.38793 0.43103 0.4569 0.47414 0.52586 0.53448 0.52586 0.5431 0.55172 0.55172 0.56897 0.56897 0.57759 0.58621 0.57759 0.56897 0.56034 0.56897 0.55172 0.5431 0.52586 0.51724 0.50862 0.48276 0.47414 0.38793 0.37931 0.37069 0.32759 0.2931 0.25862 0.22414 0.18103 0.15517 0.11207 0.086207 0.051724 0.034483
0.051724 0.060345 0.10345 0.13793 0.18103 0.22414 0.26724 0.2931 0.33621 0.37069 0.41379 0.4569 0.48276 0.52586 0.53448 0.53448 0.57759 0.57759 0.60345 0.61207 0.61207 0.62069 0.62931 0.62069 0.62069 0.62069 0.62931 0.62069 0.61207 0.61207 0.60345 0.59483 0.58621 0.56034 0.55172 0.52586 0.49138 0.47414 0.42241 0.38793 0.34483 0.31897 0.26724 0.23276 0.18966 0.15517 0.11207 0.077586 0.043103
0.051724 0.10345 0.13793 0.18966 0.23276 0.26724 0.31897 0.37069 0.39655 0.43103 0.47414 0.51724 0.55172 0.59483 0.60345 0.61207 0.63793 0.64655 0.65517 0.67241 0.68103 0.67241 0.68103 0.68103 0.66379 0.68103 0.68103 0.67241 0.66379 0.66379 0.66379 0.65517 0.63793 0.62931 0.61207 0.58621 0.56034 0.49138 0.46552 0.44828 0.40517 0.37931 0.32759 0.28448 0.23276 0.19828 0.13793 0.11207 0.068966
0.086207 0.12931 0.18103 0.22414 0.27586 0.31897 0.36207 0.40517 0.44828 0.48276 0.53448 0.56897 0.60345 0.67241 0.67241 0.68103 0.69828 0.7069 0.71552 0.72414 0.73276 0.73276 0.74138 0.75 0.75 0.74138 0.73276 0.74138 0.73276 0.72414 0.71552 0.7069 0.69828 0.68103 0.66379 0.65517 0.61207 0.56897 0.55172 0.5 0.4569 0.41379 0.37069 0.32759 0.28448 0.24138 0.18966 0.13793 0.10345
0.11207 0.15517 0.22414 0.27586 0.31897 0.36207 0.42241 0.4569 0.50862 0.55172 0.57759 0.62931 0.64655 0.72414 0.73276 0.73276 0.75 0.75862 0.76724 0.78448 0.78448 0.7931 0.7931 0.7931 0.7931 0.7931 0.7931 0.7931 0.78448 0.77586 0.77586 0.76724 0.75 0.74138 0.73276 0.71552 0.67241 0.63793 0.58621 0.53448 0.51724 0.47414 0.43103 0.37931 0.32759 0.28448 0.23276 0.17241 0.12931
0.15517 0.2069 0.25862 0.31034 0.35345 0.39655 0.46552 0.51724 0.55172 0.59483 0.63793 0.68966 0.71552 0.76724 0.78448 0.7931 0.81034 0.81897 0.82759 0.83621 0.83621 0.84483 0.84483 0.83621 0.82759 0.84483 0.84483 0.84483 0.83621 0.84483 0.83621 0.82759 0.81034 0.80172 0.7931 0.77586 0.73276 0.69828 0.64655 0.62069 0.60345 0.50862 0.47414 0.43103 0.37069 0.32759 0.27586 0.21552 0.16379
0.18966 0.23276 0.2931 0.36207 0.41379 0.44828 0.51724 0.56034 0.61207 0.65517 0.7069 0.75862 0.78448 0.83621 0.84483 0.86207 0.87069 0.87931 0.88793 0.88793 0.88793 0.88793 0.89655 0.90517 0.91379 0.90517 0.89655 0.89655 0.89655 0.88793 0.87931 0.87069 0.87931 0.87069 0.84483 0.82759 0.7931 0.75 0.7069 0.66379 0.60345 0.57759 0.55172 0.48276 0.42241 0.37069 0.31897 0.25 0.21552
0.22414 0.27586 0.32759 0.38793 0.4569 0.49138 0.56897 0.62069 0.67241 0.69828 0.75 0.81034 0.84483 0.89655 0.90517 0.91379 0.92241 0.93966 0.93966 0.93966 0.94828 0.94828 0.9569 0.9569 0.9569 0.9569 0.94828 0.94828 0.94828 0.94828 0.93966 0.93103 0.93103 0.91379 0.91379 0.89655 0.85345 0.80172 0.76724 0.71552 0.68103 0.64655 0.55172 0.52586 0.47414 0.41379 0.36207 0.28448 0.24138
0.26724 0.31034 0.37931 0.43966 0.5 0.53448 0.62069 0.66379 0.73276 0.75 0.81034 0.86207 0.90517 0.94828 0.9569 0.96552 0.96552 0.98276 0.98276 0.98276 0.99138 1 1 1 1 1 1 1 0.99138 0.99138 0.98276 0.97414 0.97414 0.9569 0.9569 0.94828 0.89655 0.86207 0.81897 0.76724 0.72414 0.68103 0.62069 0.59483 0.5 0.44828 0.40517 0.32759 0.27586
0.2931 0.34483 0.40517 0.48276 0.53448 0.59483 0.66379 0.74138 0.76724 0.80172 0.85345 0.89655 0.93966 0.98276 0.99138 0.99138 1 1 1 1 1 1 1 1 1 1 1 1 1 1 1 1 1 0.99138 0.99138 0.98276 0.93966 0.89655 0.86207 0.80172 0.77586 0.73276 0.67241 0.62931 0.53448 0.50862 0.44828 0.35345 0.31034
0.32759 0.38793 0.4569 0.52586 0.57759 0.62931 0.71552 0.76724 0.80172 0.85345 0.88793 0.93103 0.96552 1 1 1 1 1 1 1 1 1 1 1 1 1 1 1 1 1 1 1 1 1 1 1 0.96552 0.93103 0.88793 0.84483 0.80172 0.76724 0.72414 0.67241 0.58621 0.5431 0.46552 0.40517 0.35345
0.36207 0.41379 0.49138 0.56897 0.62069 0.67241 0.75 0.78448 0.81897 0.85345 0.88793 0.93103 0.96552 1 1 1 1 1 1 1 1 1 1 1 1 1 1 1 1 1 1 1 1 1 1 1 0.96552 0.92241 0.88793 0.85345 0.81897 0.7931 0.75 0.7069 0.63793 0.57759 0.52586 0.43103 0.38793
0.38793 0.4569 0.52586 0.60345 0.62931 0.65517 0.72414 0.76724 0.81034 0.84483 0.87931 0.92241 0.9569 1 1 1 1 1 1 1 1 1 1 1 1 1 1 1 1 1 1 1 1 1 1 1 0.96552 0.92241 0.88793 0.84483 0.81034 0.77586 0.74138 0.7069 0.64655 0.60345 0.55172 0.47414 0.41379
0.38793 0.43966 0.49138 0.56034 0.60345 0.63793 0.71552 0.75862 0.80172 0.83621 0.87931 0.92241 0.9569 1 1 1 1 1 1 1 1 1 1 1 1 1 1 1 1 1 1 1 1 1 1 1 0.9569 0.91379 0.87931 0.83621 0.80172 0.75862 0.71552 0.68103 0.61207 0.56897 0.52586 0.46552 0.42241
0.36207 0.41379 0.46552 0.5431 0.58621 0.62069 0.69828 0.75 0.7931 0.82759 0.87069 0.91379 0.9569 1 1 1 1 1 1 1 1 1 1 1 1 1 1 1 1 1 1 1 1 1 1 1 0.9569 0.91379 0.87069 0.82759 0.7931 0.75 0.7069 0.66379 0.59483 0.5431 0.5 0.42241 0.37931
0.37931 0.43103 0.48276 0.56034 0.60345 0.63793 0.7069 0.75862 0.80172 0.83621 0.87931 0.91379 0.9569 1 1 1 1 1 1 1 1 1 1 1 1 1 1 1 1 1 1 1 1 1 1 1 0.9569 0.92241 0.87931 0.83621 0.80172 0.75862 0.72414 0.68103 0.61207 0.56034 0.52586 0.44828 0.40517
0.38793 0.44828 0.5 0.58621 0.61207 0.64655 0.72414 0.77586 0.81034 0.84483 0.88793 0.92241 0.96552 1 1 1 1 1 1 1 1 1 1 1 1 1 1 1 1 1 1 1 1 1 1 1 0.9569 0.92241 0.87931 0.84483 0.81034 0.76724 0.73276 0.68966 0.62931 0.57759 0.53448 0.46552 0.40517
0.38793 0.44828 0.50862 0.57759 0.62069 0.65517 0.72414 0.76724 0.80172 0.84483 0.87931 0.92241 0.96552 1 1 1 1 1 1 1 1 1 1 1 1 1 1 1 1 1 1 1 1 1 1 1 0.9569 0.91379 0.87931 0.84483 0.81034 0.77586 0.72414 0.68103 0.62931 0.58621 0.5431 0.4569 0.40517
0.39655 0.43103 0.48276 0.56034 0.60345 0.63793 0.72414 0.76724 0.80172 0.83621 0.87931 0.92241 0.9569 1 1 1 1 1 1 1 1 1 1 1 1 1 1 1 1 1 1 1 1 1 1 1 0.96552 0.92241 0.88793 0.84483 0.81034 0.75862 0.71552 0.68966 0.62931 0.57759 0.51724 0.43966 0.39655
0.37069 0.43103 0.49138 0.58621 0.60345 0.63793 0.7069 0.75862 0.81034 0.82759 0.87069 0.91379 0.9569 1 1 1 1 1 1 1 1 1 1 1 1 1 1 1 1 1 1 1 1 1 1 1 0.9569 0.91379 0.87931 0.82759 0.80172 0.75862 0.73276 0.68103 0.61207 0.56034 0.52586 0.46552 0.39655
0.37069 0.43103 0.48276 0.56034 0.60345 0.62069 0.71552 0.76724 0.80172 0.82759 0.87931 0.91379 0.9569 1 1 1 1 1 1 1 1 1 1 1 1 1 1 1 1 1 1 1 1 1 1 1 0.9569 0.91379 0.87069 0.83621 0.80172 0.75 0.71552 0.67241 0.60345 0.56034 0.52586 0.43966 0.38793
0.37931 0.43103 0.46552 0.5431 0.58621 0.63793 0.69828 0.75 0.80172 0.82759 0.87069 0.92241 0.9569 1 1 1 1 1 1 1 1 1 1 1 1 1 1 1 1 1 1 1 1 1 1 1 0.9569 0.91379 0.87069 0.83621 0.7931 0.76724 0.7069 0.66379 0.60345 0.56034 0.5 0.42241 0.38793
0.36207 0.41379 0.46552 0.5431 0.58621 0.62069 0.69828 0.75 0.7931 0.82759 0.87069 0.91379 0.9569 1 1 1 1 1 1 1 1 1 1 1 1 1 1 1 1 1 1 1 1 1 1 1 0.9569 0.91379 0.87069 0.82759 0.7931 0.75 0.7069 0.66379 0.59483 0.5431 0.5 0.42241 0.37931
0.35345 0.40517 0.44828 0.52586 0.56897 0.60345 0.67241 0.72414 0.76724 0.80172 0.84483 0.87931 0.92241 0.96552 0.96552 0.96552 0.96552 0.96552 0.96552 0.96552 0.96552 0.96552 0.96552 0.96552 0.96552 0.96552 0.96552 0.96552 0.96552 0.96552 0.96552 0.96552 0.96552 0.96552 0.96552 0.96552 0.92241 0.87931 0.83621 0.7931 0.75862 0.71552 0.68103 0.63793 0.56897 0.51724 0.48276 0.40517 0.36207
0.34483 0.39655 0.43966 0.51724 0.56034 0.59483 0.66379 0.71552 0.75862 0.7931 0.83621 0.87069 0.91379 0.9569 0.9569 0.9569 0.9569 0.9569 0.9569 0.9569 0.9569 0.9569 0.9569 0.9569 0.9569 0.9569 0.9569 0.9569 0.9569 0.9569 0.9569 0.9569 0.9569 0.9569 0.9569 0.9569 0.91379 0.87931 0.83621 0.7931 0.75862 0.71552 0.68103 0.63793 0.56897 0.51724 0.48276 0.40517 0.36207
0.32759 0.37931 0.42241 0.5 0.53448 0.56897 0.63793 0.68966 0.72414 0.75862 0.80172 0.83621 0.87931 0.91379 0.91379 0.91379 0.91379 0.91379 0.91379 0.91379 0.91379 0.91379 0.91379 0.91379 0.91379 0.91379 0.91379 0.91379 0.91379 0.91379 0.91379 0.91379 0.91379 0.91379 0.91379 0.91379 0.87069 0.83621 0.7931 0.75862 0.72414 0.68103 0.64655 0.60345 0.5431 0.49138 0.4569 0.38793 0.34483
0.31034 0.36207 0.39655 0.47414 0.50862 0.5431 0.60345 0.65517 0.68966 0.72414 0.75862 0.7931 0.83621 0.87069 0.87069 0.87069 0.87069 0.87069 0.87069 0.87069 0.87069 0.87069 0.87069 0.87069 0.87069 0.87069 0.87069 0.87069 0.87069 0.87069 0.87069 0.87069 0.87069 0.87069 0.87069 0.87069 0.83621 0.80172 0.75862 0.72414 0.68966 0.65517 0.62069 0.57759 0.51724 0.47414 0.43966 0.37069 0.32759
0.30172 0.35345 0.38793 0.4569 0.49138 0.52586 0.58621 0.62931 0.66379 0.69828 0.73276 0.76724 0.80172 0.83621 0.83621 0.83621 0.83621 0.83621 0.83621 0.83621 0.83621 0.83621 0.83621 0.83621 0.83621 0.83621 0.83621 0.83621 0.83621 0.83621 0.83621 0.83621 0.83621 0.83621 0.83621 0.83621 0.80172 0.76724 0.72414 0.68966 0.65517 0.62069 0.58621 0.55172 0.49138 0.44828 0.41379 0.35345 0.31034
0.2931 0.34483 0.37931 0.44828 0.48276 0.50862 0.56897 0.61207 0.64655 0.67241 0.7069 0.74138 0.77586 0.81034 0.81034 0.81034 0.81034 0.81034 0.81034 0.81034 0.81034 0.81034 0.81034 0.81034 0.81034 0.81034 0.81034 0.81034 0.81034 0.81034 0.81034 0.81034 0.81034 0.81034 0.81034 0.81034 0.77586 0.74138 0.7069 0.67241 0.63793 0.60345 0.56897 0.53448 0.47414 0.43103 0.39655 0.33621 0.30172
0.28448 0.32759 0.36207 0.43103 0.46552 0.49138 0.55172 0.59483 0.62931 0.65517 0.68966 0.71552 0.75 0.78448 0.78448 0.78448 0.78448 0.78448 0.78448 0.78448 0.78448 0.78448 0.78448 0.78448 0.78448 0.78448 0.78448 0.78448 0.78448 0.78448 0.78448 0.78448 0.78448 0.78448 0.78448 0.78448 0.75 0.71552 0.68103 0.64655 0.62069 0.58621 0.55172 0.51724 0.46552 0.42241 0.38793 0.32759 0.2931
0.26724 0.31034 0.34483 0.40517 0.43966 0.46552 0.51724 0.56034 0.58621 0.61207 0.64655 0.67241 0.7069 0.73276 0.73276 0.73276 0.73276 0.73276 0.73276 0.73276 0.73276 0.73276 0.73276 0.73276 0.73276 0.73276 0.73276 0.73276 0.73276 0.73276 0.73276 0.73276 0.73276 0.73276 0.73276 0.73276 0.69828 0.67241 0.63793 0.60345 0.57759 0.5431 0.51724 0.48276 0.43103 0.38793 0.36207 0.30172 0.26724
0.25 0.2931 0.32759 0.38793 0.41379 0.43966 0.48276 0.52586 0.55172 0.57759 0.60345 0.62931 0.66379 0.68966 0.68966 0.68966 0.68966 0.68966 0.68966 0.68966 0.68966 0.68966 0.68966 0.68966 0.68966 0.68966 0.68966 0.68966 0.68966 0.68966 0.68966 0.68966 0.68966 0.68966 0.68966 0.68966 0.65517 0.62931 0.59483 0.56897 0.5431 0.50862 0.48276 0.44828 0.40517 0.36207 0.33621 0.28448 0.25
0.23276 0.27586 0.30172 0.35345 0.37931 0.40517 0.44828 0.48276 0.50862 0.53448 0.56034 0.58621 0.61207 0.63793 0.63793 0.63793 0.63793 0.63793 0.63793 0.63793 0.63793 0.63793 0.63793 0.63793 0.63793 0.63793 0.63793 0.63793 0.63793 0.63793 0.63793 0.63793 0.63793 0.63793 0.63793 0.63793 0.61207 0.58621 0.55172 0.52586 0.5 0.47414 0.44828 0.41379 0.37069 0.33621 0.31034 0.26724 0.23276
0.2069 0.24138 0.26724 0.31897 0.34483 0.36207 0.40517 0.43966 0.46552 0.48276 0.50862 0.53448 0.56034 0.58621 0.58621 0.58621 0.58621 0.58621 0.58621 0.58621 0.58621 0.58621 0.58621 0.58621 0.58621 0.58621 0.58621 0.58621 0.58621 0.58621 0.58621 0.58621 0.58621 0.58621 0.58621 0.58621 0.56034 0.53448 0.50862 0.48276 0.46552 0.43966 0.41379 0.38793 0.35345 0.31897 0.2931 0.25 0.22414
0.18966 0.22414 0.25 0.2931 0.31897 0.33621 0.37069 0.40517 0.43103 0.44828 0.47414 0.49138 0.51724 0.5431 0.5431 0.5431 0.5431 0.5431 0.5431 0.5431 0.5431 0.5431 0.5431 0.5431 0.5431 0.5431 0.5431 0.5431 0.5431 0.5431 0.5431 0.5431 0.5431 0.5431 0.5431 0.5431 0.51724 0.5 0.47414 0.44828 0.43103 0.40517 0.38793 0.36207 0.32759 0.2931 0.27586 0.23276 0.2069
0.17241 0.2069 0.23276 0.27586 0.2931 0.31034 0.34483 0.37931 0.39655 0.41379 0.43966 0.4569 0.48276 0.5 0.5 0.5 0.5 0.5 0.5 0.5 0.5 0.5 0.5 0.5 0.5 0.5 0.5 0.5 0.5 0.5 0.5 0.5 0.5 0.5 0.5 0.5 0.47414 0.4569 0.43103 0.41379 0.39655 0.37069 0.35345 0.32759 0.30172 0.26724 0.25 0.21552 0.18966
0.15517 0.18966 0.2069 0.25 0.26724 0.28448 0.31034 0.34483 0.36207 0.37931 0.39655 0.41379 0.43966 0.4569 0.4569 0.4569 0.4569 0.4569 0.4569 0.4569 0.4569 0.4569 0.4569 0.4569 0.4569 0.4569 0.4569 0.4569 0.4569 0.4569 0.4569 0.4569 0.4569 0.4569 0.4569 0.4569 0.43966 0.42241 0.39655 0.37931 0.36207 0.34483 0.32759 0.30172 0.27586 0.25 0.23276 0.19828 0.17241
0.13793 0.16379 0.18103 0.21552 0.23276 0.24138 0.26724 0.2931 0.31034 0.31897 0.33621 0.35345 0.37069 0.38793 0.38793 0.38793 0.38793 0.38793 0.38793 0.38793 0.38793 0.38793 0.38793 0.38793 0.38793 0.38793 0.38793 0.38793 0.38793 0.38793 0.38793 0.38793 0.38793 0.38793 0.38793 0.38793 0.37069 0.35345 0.33621 0.31897 0.30172 0.28448 0.26724 0.25 0.23276 0.2069 0.18966 0.16379 0.14655
0.11207 0.13793 0.15517 0.18103 0.19828 0.2069 0.22414 0.25 0.26724 0.27586 0.2931 0.30172 0.31897 0.33621 0.33621 0.33621 0.33621 0.33621 0.33621 0.33621 0.33621 0.33621 0.33621 0.33621 0.33621 0.33621 0.33621 0.33621 0.33621 0.33621 0.33621 0.33621 0.33621 0.33621 0.33621 0.33621 0.31897 0.31034 0.2931 0.27586 0.26724 0.25 0.24138 0.22414 0.2069 0.18103 0.17241 0.14655 0.12931
