0 0 0 0 0 0 0.0014121 0.001635 0.0037157 0.0041616 0.0046075 0.0049048 0.0053507 0.0056479 0.0057965 0.0057965 0.011593 0.011593 0.011593 0.011593 0.011593 0.008695 0.011593 0.008695 0.014492 0.008695 0.008695 0.011593 0.011593 0.011593 0.011593 0.011593 0.010999 0.010107 0.0095125 0.0064655 0.0062425 0.0053508 0.0034185 0.0029726 0.0026753 0.0022294 0.00096615 0 0 0 0 0 0
0 0 0 0 0 0.0017093 0.0038644 0.0044589 0.0049048 0.0078032 0.008472 0.011593 0.015606 0.019619 0.019619 0.019619 0.019619 0.019619 0.022889 0.026159 0.026159 0.026159 0.029429 0.029429 0.032699 0.029429 0.029429 0.026159 0.026159 0.026159 0.026159 0.026159 0.021329 0.016944 0.016052 0.012262 0.011519 0.010033 0.0057967 0.0049049 0.0029726 0.0025267 0.0022294 0.0016349 0 0 0 0 0
0 0 0 0 0.0020809 0.0046075 0.0050534 0.008472 0.011891 0.012485 0.016349 0.020511 0.021403 0.022295 0.022295 0.029727 0.037158 0.037158 0.040874 0.04459 0.048306 0.055737 0.055737 0.059453 0.055737 0.059453 0.059453 0.052021 0.048306 0.04459 0.04459 0.037158 0.034929 0.02876 0.027423 0.021998 0.018208 0.015606 0.010404 0.0089179 0.0065399 0.0040131 0.0023781 0.0017835 0.0014863 0 0 0 0
0 0 0 0.0021552 0.0049048 0.008472 0.0091409 0.01308 0.020511 0.02497 0.030321 0.035449 0.041617 0.056034 0.056034 0.056034 0.060345 0.068966 0.073276 0.081896 0.086207 0.094828 0.090517 0.094828 0.086207 0.094828 0.090517 0.090517 0.086207 0.077586 0.073276 0.060345 0.056183 0.052021 0.042806 0.038347 0.033517 0.026754 0.020214 0.015086 0.011593 0.0065399 0.0056481 0.0020808 0.0017835 0.0010404 0 0 0
0 0 0.0021552 0.0050534 0.0082491 0.0093638 0.016349 0.02445 0.029727 0.03478 0.040874 0.050832 0.057967 0.060865 0.060865 0.088956 0.093639 0.103 0.11237 0.11705 0.12641 0.12641 0.13109 0.12641 0.13578 0.13109 0.12641 0.13109 0.12173 0.12173 0.10768 0.103 0.092078 0.073573 0.065696 0.055886 0.046819 0.037678 0.027497 0.023781 0.017241 0.012485 0.0078031 0.0047563 0.0019322 0.001189 0.00089177 0 0
0 0.0020809 0.0024525 0.0082491 0.011891 0.016721 0.02497 0.034111 0.040131 0.04994 0.06577 0.073722 0.08695 0.11118 0.11118 0.11623 0.13644 0.1415 0.15666 0.16171 0.16677 0.16171 0.17182 0.17182 0.17182 0.17687 0.17182 0.17182 0.16171 0.16171 0.15161 0.15161 0.12641 0.10962 0.091558 0.075803 0.064209 0.049941 0.038645 0.030321 0.025342 0.01739 0.013674 0.0075803 0.0041618 0.0013377 0.00089177 0 0
0 0.0022296 0.0080261 0.011593 0.015606 0.02497 0.037901 0.044144 0.059305 0.071344 0.084274 0.098098 0.11281 0.11772 0.16052 0.17122 0.17658 0.19263 0.19798 0.20333 0.20868 0.20868 0.21403 0.21938 0.20868 0.21938 0.21938 0.21403 0.20333 0.19798 0.19798 0.20333 0.15933 0.14982 0.12277 0.10434 0.087173 0.070229 0.056183 0.042806 0.034334 0.022072 0.016052 0.010702 0.0066884 0.0026754 0.00089177 0 0
0.0021552 0.0047561 0.011296 0.015606 0.02341 0.037901 0.05217 0.068966 0.081599 0.099881 0.12448 0.13526 0.17048 0.19456 0.19456 0.21745 0.22889 0.24034 0.25178 0.25751 0.26323 0.26323 0.26323 0.26895 0.27467 0.26895 0.26895 0.26323 0.26323 0.25178 0.24606 0.24034 0.20333 0.18921 0.16387 0.13793 0.12671 0.092747 0.080262 0.057967 0.046819 0.034483 0.023187 0.01412 0.0095125 0.004459 0.0015606 0 0
0.0023782 0.010404 0.015606 0.02393 0.036415 0.058264 0.070155 0.093639 0.11281 0.13845 0.15733 0.18639 0.20214 0.2529 0.2714 0.27757 0.29608 0.30224 0.30841 0.32075 0.32692 0.32692 0.33309 0.33309 0.32692 0.32692 0.32692 0.32075 0.32692 0.32075 0.30841 0.29608 0.26323 0.24614 0.21411 0.18133 0.15948 0.12507 0.10702 0.076174 0.063243 0.043772 0.032105 0.019322 0.012634 0.0052022 0.0031213 0 0
0.0075802 0.013748 0.022889 0.035672 0.054102 0.078924 0.09676 0.11772 0.15086 0.1736 0.206 0.23781 0.28092 0.30083 0.32045 0.34007 0.35315 0.35969 0.37277 0.37931 0.39239 0.39239 0.39239 0.39239 0.38585 0.39893 0.39893 0.38585 0.38585 0.37931 0.37277 0.35969 0.32506 0.30499 0.25855 0.22704 0.19813 0.16052 0.13644 0.10464 0.084052 0.056406 0.045259 0.027794 0.01739 0.0081748 0.0035672 0 0
0.010404 0.016944 0.037604 0.048306 0.072235 0.095199 0.12559 0.15896 0.18988 0.21463 0.25565 0.27467 0.32045 0.38288 0.38288 0.40339 0.41706 0.4239 0.43074 0.43757 0.45125 0.44441 0.45125 0.45809 0.46492 0.45809 0.45125 0.45125 0.44441 0.43757 0.43074 0.4239 0.39165 0.36861 0.31213 0.2769 0.24153 0.19486 0.16855 0.1299 0.1036 0.078032 0.055737 0.035895 0.025416 0.011593 0.0059454 0 0
0.016052 0.026754 0.046373 0.06956 0.097429 0.12842 0.15666 0.19798 0.23722 0.26754 0.31213 0.35969 0.38971 0.44233 0.4566 0.46373 0.48514 0.49227 0.49941 0.51367 0.52081 0.52081 0.52081 0.52081 0.51367 0.51367 0.52081 0.52081 0.52081 0.50654 0.49941 0.49227 0.44315 0.39952 0.35939 0.3264 0.283 0.23633 0.19976 0.16052 0.12782 0.093639 0.071418 0.048157 0.032699 0.015161 0.007729 0 0
0.022592 0.040577 0.063169 0.09401 0.12039 0.16929 0.20051 0.24851 0.27943 0.32461 0.35315 0.40339 0.47577 0.51791 0.54043 0.54793 0.55544 0.57796 0.57796 0.57796 0.58546 0.59297 0.60048 0.60048 0.60798 0.59297 0.59297 0.59297 0.59297 0.58546 0.57796 0.56295 0.52393 0.47087 0.42658 0.39536 0.33769 0.28092 0.24554 0.18951 0.15383 0.12143 0.09074 0.057595 0.042137 0.021254 0.010702 0 0
0.035672 0.053508 0.086653 0.125 0.1545 0.20578 0.23967 0.29132 0.33086 0.38585 0.44233 0.47577 0.54578 0.59869 0.61445 0.6302 0.63808 0.64596 0.65383 0.66171 0.66959 0.67747 0.66959 0.67747 0.68534 0.68534 0.67747 0.66959 0.66959 0.66959 0.66171 0.64596 0.58992 0.54013 0.49851 0.45794 0.39046 0.32372 0.28106 0.22451 0.18512 0.14269 0.10612 0.071492 0.052319 0.026085 0.014046 0 0
0.049941 0.076843 0.11445 0.1516 0.18639 0.24747 0.28983 0.33925 0.38793 0.41929 0.49227 0.54994 0.60865 0.67234 0.68854 0.69664 0.70474 0.72094 0.72904 0.72904 0.73714 0.74524 0.75334 0.74524 0.74524 0.74524 0.74524 0.74524 0.73714 0.73714 0.72904 0.71284 0.65302 0.61422 0.56243 0.51769 0.4236 0.36348 0.30871 0.25684 0.20608 0.16052 0.12381 0.081153 0.060493 0.030916 0.01739 0 0
0.059304 0.090814 0.1308 0.16944 0.21581 0.27497 0.31882 0.37009 0.45779 0.49227 0.54065 0.60798 0.67747 0.74242 0.75892 0.76717 0.78367 0.79191 0.80841 0.80841 0.80841 0.80841 0.80841 0.80841 0.80016 0.80841 0.80841 0.80841 0.80841 0.80016 0.79191 0.78367 0.71953 0.67041 0.60865 0.54897 0.48112 0.41023 0.35672 0.29132 0.24034 0.18728 0.14715 0.095719 0.07179 0.038496 0.022295 0 0
0.081748 0.1056 0.16379 0.20132 0.25126 0.32045 0.39001 0.43319 0.4786 0.54935 0.61549 0.68534 0.76717 0.83621 0.85345 0.87069 0.87931 0.87931 0.89655 0.88793 0.89655 0.89655 0.90517 0.90517 0.91379 0.91379 0.89655 0.89655 0.88793 0.88793 0.88793 0.87931 0.81109 0.75059 0.69159 0.62716 0.54779 0.47087 0.41327 0.32759 0.2691 0.21254 0.16498 0.11207 0.085613 0.046819 0.025268 0 0
0.095719 0.12507 0.18103 0.22473 0.28203 0.35813 0.39001 0.49138 0.546 0.59215 0.66803 0.73261 0.81666 0.89655 0.91379 0.91379 0.93103 0.93103 0.93966 0.94828 0.94828 0.94828 0.94828 0.9569 0.9569 0.9569 0.9569 0.94828 0.94828 0.94828 0.93966 0.93966 0.85085 0.79563 0.7335 0.67241 0.59594 0.50832 0.43817 0.34914 0.29563 0.23543 0.18148 0.125 0.094531 0.051278 0.028983 0 0
0.10791 0.14402 0.20957 0.25119 0.31131 0.39484 0.44947 0.52252 0.58056 0.64157 0.7277 0.78775 0.85791 0.94828 0.9569 0.96552 0.97414 0.97414 0.98276 0.99138 0.99138 1 1 1 1 1 1 1 0.99138 0.99138 0.98276 0.98276 0.89061 0.84067 0.77542 0.71121 0.63206 0.53508 0.47302 0.375 0.32216 0.25505 0.19798 0.13578 0.10345 0.057967 0.032699 0 0
0.12374 0.1554 0.23573 0.29816 0.33175 0.43445 0.48112 0.55589 0.62872 0.6635 0.75059 0.82714 0.89915 0.98276 0.99138 0.99138 1 1 1 1 1 1 1 1 1 1 1 1 1 1 1 1 0.92241 0.86318 0.80336 0.73707 0.66216 0.55648 0.49294 0.40086 0.33732 0.28121 0.21173 0.14871 0.11058 0.06354 0.035672 0 0
0.14625 0.18512 0.2448 0.30433 0.35375 0.45214 0.53062 0.58866 0.64276 0.70645 0.78077 0.8588 0.9239 1 1 1 1 1 1 1 1 1 1 1 1 1 1 1 1 1 1 1 0.92241 0.87069 0.81034 0.75 0.6742 0.57788 0.51286 0.42672 0.35248 0.29102 0.22823 0.15733 0.12128 0.067999 0.039388 0 0
0.16067 0.19322 0.2856 0.33361 0.40146 0.48752 0.54957 0.6085 0.65658 0.71366 0.78077 0.85085 0.93222 1 1 1 1 1 1 1 1 1 1 1 1 1 1 1 1 1 1 1 0.92241 0.87069 0.81034 0.75 0.6742 0.57788 0.51286 0.42672 0.36006 0.29756 0.23922 0.16595 0.12485 0.071343 0.040874 0 0
0.16766 0.21663 0.29964 0.35375 0.40688 0.48752 0.54325 0.60196 0.65666 0.71373 0.78842 0.85085 0.93222 1 1 1 1 1 1 1 1 1 1 1 1 1 1 1 1 1 1 1 0.92241 0.87069 0.81034 0.75 0.66818 0.57253 0.50788 0.42241 0.35627 0.29102 0.23098 0.16164 0.12485 0.072458 0.040874 0 0
0.17479 0.21269 0.27653 0.32372 0.37463 0.46381 0.51196 0.57551 0.64276 0.69924 0.77319 0.83502 0.91565 1 1 1 1 1 1 1 1 1 1 1 1 1 1 1 1 1 1 1 0.92241 0.87069 0.81034 0.75 0.66818 0.57253 0.50788 0.4181 0.35248 0.28775 0.22823 0.15733 0.12307 0.070229 0.040874 0 0
0.14388 0.17843 0.25 0.29496 0.35382 0.44062 0.4997 0.5625 0.62901 0.6849 0.7581 0.83502 0.91565 1 1 1 1 1 1 1 1 1 1 1 1 1 1 1 1 1 1 1 0.92241 0.87069 0.81034 0.75 0.66818 0.56718 0.5029 0.41379 0.34869 0.28448 0.22273 0.15517 0.12128 0.070229 0.040131 0 0
0.16416 0.20095 0.27653 0.31399 0.37463 0.46381 0.52438 0.57551 0.64276 0.69924 0.77319 0.85085 0.91565 1 1 1 1 1 1 1 1 1 1 1 1 1 1 1 1 1 1 1 0.92241 0.87069 0.81034 0.75 0.66818 0.56718 0.50788 0.4181 0.35248 0.28775 0.22548 0.15733 0.12307 0.070229 0.040131 0 0
0.16416 0.21671 0.28567 0.33361 0.39603 0.47562 0.53694 0.58866 0.65666 0.71373 0.77319 0.85085 0.91565 1 1 1 1 1 1 1 1 1 1 1 1 1 1 1 1 1 1 1 0.92241 0.87069 0.81034 0.75 0.6742 0.57253 0.51286 0.42241 0.35627 0.29429 0.23098 0.15948 0.12307 0.072458 0.040131 0 0
0.16416 0.20875 0.29496 0.34364 0.39603 0.46381 0.52438 0.60196 0.65666 0.71373 0.77319 0.83502 0.91565 1 1 1 1 1 1 1 1 1 1 1 1 1 1 1 1 1 1 1 0.92241 0.87069 0.81034 0.75 0.6742 0.57253 0.50788 0.42241 0.35248 0.29102 0.23098 0.16164 0.12485 0.071343 0.040874 0 0
0.15725 0.1933 0.26754 0.33361 0.39603 0.47562 0.51196 0.57551 0.65666 0.71373 0.78842 0.85085 0.93222 1 1 1 1 1 1 1 1 1 1 1 1 1 1 1 1 1 1 1 0.92241 0.87069 0.81034 0.75 0.66818 0.57253 0.50788 0.4181 0.35248 0.29102 0.23098 0.15948 0.12307 0.071343 0.040131 0 0
0.15725 0.21671 0.27653 0.31399 0.37463 0.46381 0.53694 0.57551 0.64276 0.6849 0.77319 0.83502 0.91565 1 1 1 1 1 1 1 1 1 1 1 1 1 1 1 1 1 1 1 0.92241 0.87069 0.81034 0.75 0.66818 0.56718 0.5029 0.41379 0.35627 0.28775 0.22548 0.15733 0.12307 0.071343 0.040874 0 0
0.15049 0.1933 0.27653 0.31399 0.36415 0.45214 0.51196 0.5625 0.64276 0.69924 0.7581 0.83502 0.91565 1 1 1 1 1 1 1 1 1 1 1 1 1 1 1 1 1 1 1 0.92241 0.87069 0.81034 0.75 0.66818 0.56718 0.50788 0.41379 0.35248 0.29102 0.22823 0.15517 0.12307 0.071343 0.040131 0 0
0.15049 0.17843 0.25 0.31399 0.36415 0.44062 0.4997 0.58866 0.62901 0.69924 0.7581 0.83502 0.91565 1 1 1 1 1 1 1 1 1 1 1 1 1 1 1 1 1 1 1 0.92241 0.87069 0.81034 0.75 0.66818 0.57253 0.5029 0.41379 0.35248 0.28448 0.22273 0.15733 0.12128 0.070229 0.040131 0 0
0.14388 0.17843 0.25 0.29496 0.35382 0.44062 0.4997 0.5625 0.62901 0.6849 0.7581 0.83502 0.91565 1 1 1 1 1 1 1 1 1 1 1 1 1 1 1 1 1 1 1 0.92241 0.87069 0.81034 0.75 0.66818 0.56718 0.5029 0.41379 0.34869 0.28448 0.22273 0.15517 0.12128 0.070229 0.040131 0 0
0.13109 0.16416 0.23306 0.26754 0.32372 0.40696 0.46381 0.51196 0.57551 0.62901 0.69924 0.77319 0.85085 0.93222 0.93222 0.93222 0.93222 0.93222 0.93222 0.93222 0.93222 0.93222 0.93222 0.93222 0.93222 0.93222 0.93222 0.93222 0.93222 0.93222 0.93222 0.93222 0.85731 0.8157 0.75743 0.69917 0.62024 0.53062 0.4734 0.38704 0.33071 0.26843 0.20868 0.15086 0.11772 0.067999 0.038645 0 0
0.13109 0.16416 0.23306 0.26754 0.32372 0.40696 0.46381 0.51196 0.57551 0.62901 0.69924 0.77319 0.83502 0.91565 0.91565 0.91565 0.91565 0.91565 0.91565 0.91565 0.91565 0.91565 0.91565 0.91565 0.91565 0.91565 0.91565 0.91565 0.91565 0.91565 0.91565 0.91565 0.84141 0.80016 0.74242 0.68468 0.60657 0.51791 0.46136 0.37604 0.32045 0.25907 0.20028 0.14358 0.1111 0.062426 0.034111 0 0
0.11891 0.15049 0.20875 0.24145 0.29496 0.36415 0.41803 0.46381 0.52438 0.57551 0.62901 0.69924 0.7581 0.83502 0.83502 0.83502 0.83502 0.83502 0.83502 0.83502 0.83502 0.83502 0.83502 0.83502 0.83502 0.83502 0.83502 0.83502 0.83502 0.83502 0.83502 0.83502 0.772 0.73261 0.67747 0.6302 0.56094 0.47577 0.4216 0.34661 0.2934 0.23781 0.18698 0.13243 0.10137 0.060345 0.032773 0 0
0.10731 0.13741 0.1933 0.22481 0.26754 0.33361 0.38526 0.42925 0.47562 0.52438 0.57551 0.64276 0.69924 0.7581 0.7581 0.7581 0.7581 0.7581 0.7581 0.7581 0.7581 0.7581 0.7581 0.7581 0.7581 0.7581 0.7581 0.7581 0.7581 0.7581 0.7581 0.7581 0.69805 0.66052 0.61549 0.57045 0.50461 0.43074 0.37931 0.31213 0.26159 0.21463 0.16647 0.11705 0.092078 0.053136 0.027349 0 0
0.096314 0.12493 0.17122 0.20095 0.24145 0.3044 0.34364 0.38526 0.42925 0.47562 0.52438 0.58866 0.64276 0.69924 0.69924 0.69924 0.69924 0.69924 0.69924 0.69924 0.69924 0.69924 0.69924 0.69924 0.69924 0.69924 0.69924 0.69924 0.69924 0.69924 0.69924 0.69924 0.64157 0.61274 0.56949 0.52623 0.46998 0.40346 0.35375 0.29496 0.24606 0.20073 0.15666 0.11333 0.088956 0.051204 0.026754 0 0
0.091037 0.11304 0.15725 0.18579 0.22481 0.28567 0.32372 0.36415 0.40696 0.45214 0.4997 0.54964 0.60196 0.65666 0.65666 0.65666 0.65666 0.65666 0.65666 0.65666 0.65666 0.65666 0.65666 0.65666 0.65666 0.65666 0.65666 0.65666 0.65666 0.65666 0.65666 0.65666 0.60077 0.57283 0.53092 0.49599 0.44144 0.37708 0.33517 0.27824 0.2341 0.18995 0.14715 0.10523 0.083234 0.046373 0.026159 0 0
0.085909 0.10731 0.15049 0.17843 0.21671 0.26754 0.3044 0.34364 0.38526 0.41803 0.46381 0.51196 0.5625 0.61541 0.61541 0.61541 0.61541 0.61541 0.61541 0.61541 0.61541 0.61541 0.61541 0.61541 0.61541 0.61541 0.61541 0.61541 0.61541 0.61541 0.61541 0.61541 0.56131 0.54102 0.50045 0.46663 0.41379 0.35159 0.3151 0.25981 0.217 0.17947 0.13793 0.097429 0.076248 0.04459 0.02497 0 0
0.071418 0.091037 0.13109 0.15049 0.18579 0.23306 0.26754 0.29496 0.33361 0.36415 0.40696 0.45214 0.48759 0.53694 0.53694 0.53694 0.53694 0.53694 0.53694 0.53694 0.53694 0.53694 0.53694 0.53694 0.53694 0.53694 0.53694 0.53694 0.53694 0.53694 0.53694 0.53694 0.49272 0.47377 0.43587 0.4106 0.36564 0.31302 0.27869 0.22689 0.19203 0.15941 0.12039 0.088288 0.068222 0.038422 0.020809 0 0
0.0625 0.080931 0.11304 0.13109 0.16416 0.20095 0.23306 0.2587 0.29496 0.32372 0.35382 0.39603 0.42925 0.47562 0.47562 0.47562 0.47562 0.47562 0.47562 0.47562 0.47562 0.47562 0.47562 0.47562 0.47562 0.47562 0.47562 0.47562 0.47562 0.47562 0.47562 0.47562 0.43401 0.41617 0.38644 0.36266 0.32045 0.27668 0.2445 0.20415 0.17122 0.14053 0.1082 0.079593 0.060642 0.036787 0.019768 0 0
0.054177 0.071418 0.096314 0.11304 0.13741 0.17122 0.20095 0.22481 0.25 0.27653 0.3044 0.34364 0.37463 0.40696 0.40696 0.40696 0.40696 0.40696 0.40696 0.40696 0.40696 0.40696 0.40696 0.40696 0.40696 0.40696 0.40696 0.40696 0.40696 0.40696 0.40696 0.40696 0.37396 0.35746 0.32996 0.30797 0.27438 0.23751 0.20771 0.17509 0.14469 0.12069 0.092747 0.066364 0.052319 0.03047 0.015606 0 0
0.050238 0.0625 0.085909 0.10174 0.12493 0.15049 0.17122 0.1933 0.21671 0.23306 0.2587 0.28567 0.31399 0.34364 0.34364 0.34364 0.34364 0.34364 0.34364 0.34364 0.34364 0.34364 0.34364 0.34364 0.34364 0.34364 0.34364 0.34364 0.34364 0.34364 0.34364 0.34364 0.31332 0.29816 0.27289 0.25773 0.22704 0.19352 0.171 0.1415 0.11638 0.098543 0.07335 0.053062 0.041617 0.024747 0.013823 0 0
0.042806 0.054177 0.0761 0.085909 0.10731 0.13109 0.15049 0.16416 0.18579 0.20095 0.22481 0.25 0.26754 0.29496 0.29496 0.29496 0.29496 0.29496 0.29496 0.29496 0.29496 0.29496 0.29496 0.29496 0.29496 0.29496 0.29496 0.29496 0.29496 0.29496 0.29496 0.29496 0.26687 0.25751 0.2341 0.22005 0.19174 0.16521 0.14715 0.1198 0.10033 0.083829 0.060716 0.046373 0.035746 0.020214 0.010776 0 0
0.035969 0.046448 0.0625 0.071418 0.091037 0.10731 0.12493 0.13741 0.15725 0.17122 0.18579 0.20875 0.22481 0.25 0.25 0.25 0.25 0.25 0.25 0.25 0.25 0.25 0.25 0.25 0.25 0.25 0.25 0.25 0.25 0.25 0.25 0.25 0.22845 0.21983 0.19828 0.18966 0.16647 0.1418 0.12507 0.10345 0.085464 0.071938 0.053508 0.040131 0.030321 0.019025 0.010033 0 0
0.029727 0.039313 0.054177 0.0625 0.0761 0.091037 0.10731 0.11891 0.13109 0.14388 0.15725 0.17843 0.1933 0.20875 0.20875 0.20875 0.20875 0.20875 0.20875 0.20875 0.20875 0.20875 0.20875 0.20875 0.20875 0.20875 0.20875 0.20875 0.20875 0.20875 0.20875 0.20875 0.18906 0.18118 0.16543 0.15755 0.13644 0.11772 0.10256 0.085018 0.068668 0.059453 0.042806 0.031882 0.025342 0.015086 0.0071344 0 0
0.021477 0.026828 0.035969 0.042806 0.054177 0.0625 0.071418 0.080931 0.091037 0.10174 0.11304 0.12493 0.13741 0.15049 0.15049 0.15049 0.15049 0.15049 0.15049 0.15049 0.15049 0.15049 0.15049 0.15049 0.15049 0.15049 0.15049 0.15049 0.15049 0.15049 0.15049 0.15049 0.13711 0.13043 0.12039 0.1137 0.099064 0.085315 0.075357 0.063243 0.050832 0.045481 0.032253 0.02497 0.020065 0.011147 0.0062426 0 0
0.015606 0.021477 0.029727 0.032773 0.042806 0.050238 0.058264 0.0625 0.071418 0.0761 0.085909 0.096314 0.10174 0.11304 0.11304 0.11304 0.11304 0.11304 0.11304 0.11304 0.11304 0.11304 0.11304 0.11304 0.11304 0.11304 0.11304 0.11304 0.11304 0.11304 0.11304 0.11304 0.10144 0.098543 0.089848 0.084052 0.071492 0.062426 0.055588 0.045184 0.036861 0.032328 0.021255 0.017836 0.013674 0.0078031 0.0040131 0 0
